Time;Prop;Hx;LPG2;CO;CH4a;H2;Alco;LPG1;NOX;CL2;O3;CO2;Tolue;H2S;Amon;Etn;Benz;Ast;But;CH4b;Target
160725;4.21;5.43;3.57;0.62;6.83;0.83;3.74;5.17;2.10;2.41;1.53;2.64;0.84;0.45;0.50;9.20;4.77;10.71;9.03;1.70;0
160726;4.23;5.43;4.09;0.65;6.64;0.81;3.74;5.09;2.02;2.41;1.51;2.43;0.50;0.45;0.51;9.28;4.72;10.71;9.03;1.83;0
160727;4.42;5.44;3.65;0.65;6.83;0.83;3.74;5.21;2.02;2.36;1.51;2.54;0.50;0.47;0.52;9.28;4.77;10.87;9.18;2.12;0
160728;4.27;5.46;3.65;0.70;6.64;0.83;3.68;5.17;2.10;2.43;1.56;2.43;0.58;0.48;0.54;9.53;4.77;10.79;9.50;2.27;0
160729;4.27;5.48;3.57;0.70;6.83;0.81;3.88;5.13;2.10;2.43;1.54;3.11;0.52;0.50;0.55;9.44;4.77;10.79;9.66;2.62;0
160730;4.23;5.48;3.65;0.65;7.02;0.84;3.68;5.34;2.18;2.46;1.53;2.64;0.52;0.49;0.55;9.36;4.82;10.87;9.66;2.62;0
160731;4.27;5.48;3.82;0.65;7.21;0.83;3.71;5.25;2.06;2.59;1.54;2.54;0.52;0.49;0.54;9.36;4.82;10.95;9.50;2.62;0
160732;4.34;5.48;3.73;0.65;6.83;0.83;3.71;5.21;2.06;2.56;1.51;2.64;0.50;0.50;0.54;9.28;4.77;10.95;9.50;2.44;0
160733;4.27;5.48;3.65;0.65;6.83;0.83;3.68;5.29;2.02;2.38;1.53;2.64;0.52;0.49;0.53;9.20;4.77;10.87;9.26;2.44;0
160734;4.27;5.49;3.65;0.67;6.83;0.84;3.68;5.34;2.06;2.38;1.51;2.64;0.52;0.49;0.53;9.36;4.91;10.95;9.26;2.12;0
160734;4.25;5.50;3.57;0.65;6.83;0.84;3.68;5.34;2.14;2.51;1.51;3.50;0.52;0.49;0.53;9.36;4.87;10.95;9.26;2.27;0
160735;4.25;5.51;3.57;0.65;7.02;0.81;3.84;5.38;2.31;2.43;1.57;2.64;0.55;0.49;0.53;9.36;4.82;10.95;9.26;2.27;0
160736;4.25;5.50;3.65;0.65;7.02;0.81;3.71;5.38;2.06;2.54;1.51;2.33;0.52;0.49;0.53;9.53;4.91;10.95;9.34;2.27;0
160737;4.25;5.53;3.73;0.65;7.41;0.81;3.91;5.47;2.06;2.41;1.51;3.11;0.80;0.49;0.52;9.28;4.82;11.03;9.11;2.12;0
160738;4.29;5.54;3.82;0.70;6.83;0.81;3.71;5.51;2.02;2.36;1.51;2.64;0.70;0.49;0.53;9.36;4.87;10.95;9.11;2.12;0
160739;4.34;5.54;3.57;0.65;6.83;0.83;3.71;5.55;1.98;2.36;1.51;2.64;0.55;0.49;0.52;9.53;4.82;11.03;9.34;2.27;0
160740;4.61;5.53;3.57;0.65;6.83;0.84;3.68;5.60;2.23;2.36;1.51;2.54;0.50;0.49;0.54;9.69;4.91;11.03;9.11;1.97;0
160741;4.23;5.56;3.65;0.65;6.64;0.85;3.71;5.55;2.10;2.38;1.50;2.64;0.61;0.52;0.56;9.53;4.96;11.03;9.74;2.81;0
160742;4.25;5.59;3.91;0.65;7.41;0.85;3.78;5.55;2.06;2.41;1.56;2.54;0.52;0.56;0.60;9.61;4.87;11.03;9.99;3.23;0
160743;4.27;5.59;4.09;0.67;7.21;0.83;3.78;5.64;1.98;2.41;1.54;2.54;0.52;0.56;0.60;9.53;4.96;11.03;9.83;3.46;0
160744;4.27;5.60;3.48;0.62;7.21;0.83;3.71;5.64;2.14;2.41;1.53;2.54;0.52;0.56;0.59;9.53;4.96;11.11;9.91;3.23;0
160745;4.51;5.60;3.65;0.65;7.02;0.81;3.71;5.64;2.10;2.36;1.50;2.43;0.61;0.55;0.57;9.69;4.91;10.95;9.83;3.23;0
160746;4.25;5.59;3.65;0.65;7.41;0.83;3.68;5.69;2.18;2.36;1.51;2.54;0.58;0.53;0.57;9.61;4.91;11.11;9.66;3.23;0
160747;4.29;5.60;3.57;0.81;7.02;0.83;3.71;5.69;2.02;2.38;1.51;2.64;0.55;0.54;0.56;9.53;4.91;11.19;9.58;3.23;0
160748;4.27;5.61;3.57;0.65;7.02;0.81;3.71;5.73;2.02;2.36;1.51;2.43;0.52;0.54;0.57;9.53;4.87;11.52;9.50;2.81;0
160749;4.29;5.61;3.48;0.62;7.21;0.81;3.68;5.73;2.02;2.51;1.51;2.54;0.55;0.54;0.57;9.69;4.96;11.19;9.50;3.01;0
160750;4.30;5.59;3.65;0.65;7.02;0.81;3.71;5.82;2.02;2.36;1.50;3.37;0.52;0.54;0.56;9.53;4.91;11.19;9.34;2.81;0
160751;4.27;5.62;3.65;0.65;7.02;0.81;3.74;5.78;1.98;2.33;1.56;2.76;0.52;0.54;0.56;9.36;4.91;11.19;9.50;2.27;0
160752;4.27;5.64;3.65;0.65;6.83;0.83;3.68;5.91;2.02;2.38;1.51;2.54;0.55;0.56;0.57;9.53;5.01;11.19;9.50;2.81;0
160753;4.79;5.62;3.91;0.65;7.02;0.81;3.68;5.87;1.98;2.36;1.50;2.54;0.55;0.55;0.59;9.61;4.96;11.27;9.50;2.81;0
160754;4.27;5.64;3.57;0.65;7.41;0.84;3.68;5.91;2.02;2.38;1.48;2.54;0.52;0.55;0.58;9.69;4.96;11.44;9.58;2.62;0
160754;4.29;5.64;3.57;0.65;7.02;0.83;3.81;5.87;2.10;2.33;1.53;2.54;0.50;0.54;0.56;9.53;4.96;11.27;9.50;2.62;0
160755;4.30;5.65;3.57;0.67;7.02;0.81;3.74;5.87;1.95;2.33;1.48;3.50;0.52;0.55;0.56;9.53;5.10;11.19;9.58;2.44;0
160756;4.55;5.66;3.65;0.65;7.02;0.83;3.84;5.91;1.98;2.36;1.50;2.54;0.52;0.57;0.59;9.61;4.96;11.27;9.50;2.81;0
160757;4.36;5.59;3.65;0.65;7.02;0.83;3.68;5.96;2.02;2.38;1.50;2.54;0.58;0.59;0.60;9.69;5.06;11.44;9.74;2.81;0
160758;4.30;5.61;3.73;0.67;6.83;0.83;3.71;5.96;2.18;2.36;1.48;2.54;0.52;0.58;0.60;9.69;5.01;11.19;9.66;2.62;0
160759;4.51;5.65;3.65;0.70;6.64;0.80;3.78;6.05;1.95;2.38;1.48;2.64;0.88;0.58;0.60;9.69;5.06;11.35;9.50;2.62;0
160800;4.27;5.66;3.82;0.75;6.83;0.84;3.68;6.05;1.95;2.36;1.54;2.64;0.52;0.57;0.59;9.61;5.06;11.35;9.58;2.44;0
160801;4.46;5.67;4.00;0.67;7.02;0.81;3.68;6.05;1.91;2.31;1.48;2.54;0.67;0.57;0.59;9.69;5.01;11.27;9.50;2.44;0
160802;4.29;5.67;3.57;0.65;7.02;0.81;3.71;6.05;1.87;2.38;1.47;2.54;0.55;0.57;0.59;9.69;5.06;11.19;9.50;2.44;0
160803;4.53;5.68;3.65;0.67;7.21;0.84;3.71;6.15;1.95;2.33;1.47;2.54;0.64;0.58;0.59;9.61;5.06;11.27;9.50;2.12;0
160804;4.34;5.67;3.57;0.72;7.41;0.81;3.74;6.15;1.91;2.28;1.47;3.11;0.77;0.57;0.59;9.95;5.06;11.27;9.50;1.83;0
160805;4.30;5.66;3.57;0.78;6.83;0.83;3.74;6.24;1.87;2.28;1.48;2.64;0.52;0.57;0.57;9.53;5.10;11.52;9.26;1.97;0
160806;4.30;5.68;4.09;0.97;6.83;0.81;3.68;6.19;1.91;2.26;1.45;2.64;0.52;0.58;0.59;9.86;5.01;11.35;9.42;1.83;0
160807;4.65;5.68;3.73;0.67;6.83;0.81;3.68;6.24;1.83;2.26;1.44;4.21;0.73;0.58;0.59;9.69;5.10;11.44;9.26;1.70;0
160808;4.30;5.70;3.57;0.67;6.83;0.80;3.88;6.34;1.80;2.41;1.45;2.54;0.55;0.59;0.59;9.78;5.15;11.52;9.34;1.83;0
160809;4.53;5.69;3.48;0.67;6.64;0.81;3.71;6.29;1.87;2.23;1.42;2.43;0.52;0.60;0.60;9.69;5.15;11.52;9.34;1.83;0
160810;4.34;5.69;3.82;0.65;6.45;0.83;3.81;6.29;1.80;2.23;1.42;2.43;0.55;0.60;0.59;9.78;5.06;11.35;9.34;1.58;0
160811;4.49;5.69;3.57;0.75;6.64;0.83;3.74;6.34;1.80;2.26;1.42;3.50;0.55;0.61;0.60;9.95;5.01;11.35;9.34;1.70;0
160812;4.30;5.70;3.65;0.70;6.83;0.83;3.68;6.43;1.83;2.23;1.42;2.64;0.55;0.62;0.61;9.86;5.15;11.44;9.50;1.58;0
160813;4.29;5.71;3.73;0.70;6.64;0.81;3.71;6.43;1.80;2.18;1.42;2.54;0.52;0.62;0.61;9.86;5.10;11.44;9.34;1.47;0
160813;4.29;5.71;3.65;0.67;7.02;0.84;4.01;6.43;1.95;2.21;1.41;2.54;0.64;0.64;0.62;9.95;5.20;11.44;9.42;1.58;0
160814;4.32;5.71;3.57;0.67;6.83;0.84;3.91;6.34;1.72;2.18;1.41;2.54;0.55;0.64;0.63;10.03;5.15;11.35;9.50;1.58;0
160815;4.34;5.71;3.65;0.65;7.02;0.80;3.74;6.38;1.72;2.28;1.39;2.64;0.52;0.66;0.63;10.29;5.15;11.52;9.50;1.47;0
160816;4.63;5.72;3.65;0.87;6.45;0.84;3.68;6.38;1.72;2.16;1.42;3.50;0.55;0.67;0.65;10.29;5.20;11.52;9.50;1.58;0
160817;4.34;5.72;3.65;0.67;6.83;0.83;3.71;6.38;1.72;2.16;1.39;2.54;0.50;0.68;0.65;10.20;5.10;11.52;9.66;1.58;0
160818;4.47;5.74;3.48;0.70;6.64;0.85;3.71;6.48;1.72;2.18;1.38;3.37;0.55;0.73;0.67;10.55;5.15;11.52;9.74;1.47;0
160819;4.32;5.74;3.65;0.67;6.45;0.83;3.78;6.48;1.72;2.18;1.39;2.54;0.58;0.72;0.68;10.38;5.15;11.76;9.83;1.70;0
160820;4.32;5.75;3.73;0.67;6.64;0.81;3.74;6.48;1.69;2.16;1.36;3.24;0.80;0.73;0.68;10.46;5.15;11.52;9.83;1.58;0
160821;4.49;5.74;3.65;0.67;7.02;0.85;3.74;6.48;1.69;2.16;1.36;2.54;0.55;0.75;0.69;10.55;5.10;11.52;9.83;1.47;0
160822;4.30;5.76;3.65;0.67;6.64;0.80;3.81;6.73;1.69;2.16;1.45;2.64;0.52;0.76;0.69;10.46;5.10;11.44;9.83;1.70;0
160823;4.32;5.76;3.73;0.67;7.41;0.81;3.71;6.63;1.65;2.18;1.36;2.43;0.52;0.78;0.72;10.64;5.20;11.44;9.99;1.83;0
160824;4.32;5.78;3.65;0.65;7.02;0.84;3.71;6.58;1.91;2.21;1.38;2.64;0.52;0.81;0.73;10.64;5.15;11.52;10.07;1.83;0
160825;4.53;5.79;3.65;0.67;7.02;0.80;3.91;6.63;1.76;2.23;1.48;2.99;0.52;0.96;0.91;11.54;5.15;11.44;11.35;3.96;0
160826;4.30;5.87;3.65;0.70;7.61;0.80;3.74;6.68;1.83;2.28;1.44;2.54;0.52;1.01;0.95;11.72;5.15;11.52;11.98;5.92;0
160827;4.40;5.90;3.65;0.70;7.82;0.81;3.78;6.63;1.87;2.28;1.45;2.64;0.52;1.04;0.96;12.10;5.25;11.52;12.17;7.69;0
160828;4.30;5.90;3.65;0.70;8.24;0.81;3.74;6.68;1.95;2.33;1.45;2.64;0.84;1.06;0.96;11.82;5.15;11.52;12.07;8.74;0
160829;4.30;5.90;3.57;0.70;8.24;0.83;3.74;6.68;1.87;2.26;1.47;2.43;0.70;1.03;0.91;11.27;5.15;11.76;11.80;9.32;0
160830;4.32;5.87;3.73;0.65;8.03;0.83;3.78;6.73;1.91;2.26;1.44;2.54;0.52;0.98;0.88;11.36;5.15;11.44;11.35;9.32;0
160831;4.36;5.86;3.73;0.70;8.24;0.81;3.78;6.88;1.87;2.26;1.42;2.64;0.55;0.96;0.85;11.17;5.25;11.68;11.18;7.69;0
160832;4.34;5.87;3.82;0.67;7.82;0.80;3.71;6.78;1.87;2.26;1.44;2.64;0.50;0.94;0.83;10.99;5.15;11.60;11.09;7.69;0
160833;4.32;5.86;3.57;0.67;8.24;0.81;3.74;6.78;1.87;2.36;1.50;2.54;0.55;0.92;0.83;10.91;5.15;11.52;11.00;7.69;0
160833;4.34;5.86;3.48;0.67;8.03;0.80;3.74;6.78;1.87;2.28;1.44;2.43;0.58;0.91;0.81;10.82;5.15;11.52;10.83;7.69;0
160834;4.32;5.86;3.65;0.70;8.03;0.81;3.81;6.83;1.83;2.36;1.45;2.99;0.52;0.91;0.81;10.91;5.20;11.52;10.83;7.21;0
160835;4.38;5.87;3.82;0.72;8.46;0.83;3.81;6.88;1.83;2.26;1.44;3.77;0.55;0.89;0.81;10.73;5.20;11.76;10.83;7.21;0
160836;4.38;5.87;3.82;0.65;8.24;0.83;3.88;6.78;1.83;2.23;1.44;2.64;0.50;0.88;0.80;10.55;5.20;11.68;10.92;7.21;0
160837;4.38;5.87;3.65;0.87;8.03;0.80;3.94;6.83;1.83;2.26;1.44;2.54;0.55;0.88;0.80;10.64;5.15;11.60;10.75;6.75;0
160838;4.34;5.87;3.65;0.75;8.24;0.83;3.74;6.99;1.80;2.26;1.45;2.87;0.55;0.90;0.80;10.73;5.20;11.60;10.66;7.21;0
160839;4.67;5.87;3.57;0.70;8.46;0.81;3.78;6.88;1.80;2.28;1.44;2.54;0.55;0.87;0.81;10.64;5.20;11.76;10.66;6.75;0
160840;4.53;5.87;3.65;0.70;8.24;0.81;3.81;6.88;1.98;2.23;1.44;2.64;0.64;0.87;0.78;10.55;5.20;11.60;10.66;6.75;0
160841;4.46;5.87;3.48;0.75;8.03;0.81;3.78;6.88;1.80;2.26;1.44;2.99;0.55;0.87;0.79;10.73;5.35;11.60;10.66;6.75;0
160842;4.53;5.88;3.65;0.70;8.24;0.80;3.78;6.88;1.83;2.23;1.44;2.54;0.55;0.87;0.80;10.55;5.40;11.68;10.66;6.32;0
160843;4.55;5.88;3.91;0.75;8.24;0.84;3.84;6.88;1.87;2.26;1.45;3.24;0.52;0.86;0.80;10.55;5.25;11.60;10.66;6.75;0
160844;4.51;5.89;3.65;0.72;8.46;0.81;3.84;6.94;1.80;2.36;1.42;2.54;0.50;0.86;0.80;10.64;5.25;11.60;10.66;6.75;0
160845;4.49;5.89;4.09;0.67;8.24;0.83;3.88;6.94;2.02;2.28;1.42;2.43;0.52;0.86;0.80;10.55;5.25;11.68;10.66;6.75;0
160846;4.55;5.90;3.57;0.65;8.68;0.81;3.74;6.99;1.83;2.38;1.42;2.64;0.52;0.88;0.80;10.46;5.25;11.68;10.66;6.32;0
160847;4.61;5.90;3.57;0.70;8.24;0.84;3.78;6.99;1.80;2.28;1.42;2.54;0.50;0.87;0.81;10.55;5.20;11.76;10.66;6.32;0
160848;4.79;5.90;3.57;0.75;8.24;0.81;3.74;6.88;2.02;2.23;1.42;2.64;0.55;0.87;0.80;10.55;5.20;11.68;10.66;6.75;0
160849;4.67;5.90;3.65;0.70;8.24;0.81;3.78;7.20;2.02;2.26;1.44;2.54;0.52;0.88;0.82;10.55;5.30;11.76;10.75;6.75;0
160850;4.57;5.90;3.65;0.70;8.24;0.84;3.88;6.99;1.83;2.23;1.42;2.54;0.61;0.89;0.82;10.55;5.30;11.68;10.75;7.21;0
160851;4.69;5.90;3.73;0.72;8.46;0.81;3.91;6.99;1.80;2.23;1.42;2.54;0.55;0.88;0.83;10.55;5.25;11.68;10.83;7.69;0
160852;4.69;5.91;3.65;0.78;8.68;0.83;3.78;7.04;1.87;2.26;1.44;2.64;0.55;0.89;0.83;10.55;5.30;11.76;10.83;7.69;0
160853;4.61;5.91;3.65;0.81;8.46;0.81;3.94;7.04;1.83;2.26;1.44;2.64;0.52;0.89;0.83;10.55;5.30;11.76;10.92;7.69;0
160854;4.73;5.94;3.65;0.70;9.13;0.80;3.78;6.99;2.02;2.28;1.45;2.64;0.58;0.90;0.82;10.55;5.30;11.68;10.83;8.20;0
160854;4.73;5.92;3.65;0.72;8.90;0.80;3.88;7.04;1.83;2.26;1.44;2.54;0.52;0.90;0.82;10.46;5.25;11.68;10.83;7.69;0
160855;4.73;5.92;3.57;0.78;8.68;0.80;3.94;7.04;1.80;2.26;1.44;3.11;0.55;0.89;0.84;10.46;5.30;11.76;10.83;7.69;0
160856;4.71;5.92;3.65;0.70;8.68;0.80;3.78;7.09;1.83;2.23;1.41;2.64;0.52;0.89;0.84;10.55;5.30;11.93;10.83;8.20;0
160857;4.79;5.93;3.82;0.70;8.68;0.83;3.84;7.09;1.83;2.26;1.44;2.64;0.55;0.89;0.83;10.38;5.35;11.68;10.92;8.20;0
160858;4.73;5.93;3.65;0.67;8.46;0.81;3.74;7.09;1.83;2.23;1.44;3.37;0.55;0.90;0.83;10.38;5.25;11.84;10.92;8.20;0
160859;4.84;5.93;3.65;0.70;8.68;0.81;3.78;7.04;1.80;2.21;1.42;2.54;0.52;0.89;0.83;10.38;5.30;11.76;10.83;8.20;0
160900;5.07;5.93;4.00;0.72;9.13;0.80;3.78;7.09;1.80;2.26;1.42;2.64;0.55;0.90;0.85;10.38;5.35;11.76;11.00;8.20;0
160901;4.82;5.94;3.65;0.67;8.46;0.80;3.81;7.14;1.80;2.36;1.47;2.43;0.84;0.89;0.83;10.38;5.40;11.93;10.83;7.69;0
160902;5.14;5.94;3.57;0.70;8.68;0.80;3.78;7.09;1.80;2.23;1.44;2.64;0.61;0.90;0.82;10.29;5.30;11.84;10.75;8.20;0
160903;4.75;5.95;3.65;0.70;8.90;0.81;3.78;7.14;1.80;2.23;1.42;2.64;0.52;0.90;0.85;10.46;5.35;11.76;10.92;8.20;0
160904;4.88;5.95;3.73;0.78;8.68;0.83;3.81;7.14;1.80;2.23;1.44;2.54;0.50;0.91;0.85;10.38;5.35;11.76;10.92;8.74;0
160905;4.96;5.95;3.65;0.70;8.68;0.83;3.81;7.25;1.91;2.36;1.42;2.64;0.55;0.91;0.84;10.38;5.35;11.84;10.92;8.74;0
160906;5.18;5.95;3.65;0.70;8.68;0.81;3.78;7.14;1.83;2.23;1.42;2.64;0.73;0.91;0.85;10.38;5.35;11.84;11.00;9.32;0
160907;4.88;5.96;3.65;0.70;8.90;0.80;3.78;7.25;1.80;2.26;1.44;2.64;0.50;0.91;0.86;10.38;5.35;12.26;11.00;9.32;0
160908;5.01;5.97;3.65;0.70;9.36;0.81;3.94;7.20;2.02;2.21;1.42;2.99;0.55;0.91;0.88;10.38;5.35;11.84;11.09;9.93;0
160909;4.92;5.99;3.57;0.72;9.13;0.80;3.81;7.20;1.80;2.28;1.44;3.63;0.55;0.94;0.89;10.55;5.35;11.84;11.27;11.99;0
160910;4.98;5.99;3.57;0.72;9.13;0.84;3.78;7.20;1.83;2.28;1.44;2.64;0.55;0.94;0.89;10.46;5.35;11.84;11.27;11.99;0
160911;4.98;5.98;3.57;0.70;9.13;0.80;3.84;7.25;1.87;2.23;1.47;2.54;0.52;0.96;0.89;10.46;5.35;11.84;11.35;13.58;0
160912;4.98;6.00;3.57;0.72;9.13;0.84;3.78;7.20;1.83;2.26;1.42;2.54;0.52;0.94;0.89;10.38;5.40;11.76;11.44;13.58;0
160913;5.27;5.99;3.65;0.70;9.36;0.84;3.84;7.25;1.87;2.26;1.44;2.64;0.52;0.94;0.89;10.29;5.30;11.84;11.35;13.58;0
160914;4.98;6.00;3.65;0.75;9.36;0.80;3.84;7.25;1.87;2.26;1.45;2.54;0.52;0.94;0.89;10.29;5.40;12.09;11.35;13.58;0
160914;5.23;5.99;3.73;0.70;9.36;0.78;3.81;7.36;1.83;2.26;1.48;2.54;0.58;0.94;0.88;10.38;5.35;11.93;11.18;13.58;0
160915;5.12;5.99;3.65;0.72;9.36;0.81;3.81;7.47;1.83;2.26;1.45;2.54;0.52;0.92;0.88;10.20;5.40;11.84;11.18;15.36;0
160916;5.23;5.99;3.73;0.72;9.59;0.84;3.81;7.30;1.83;2.26;1.44;2.64;0.52;0.91;0.86;10.20;5.45;11.84;11.18;13.58;0
160917;5.29;6.00;3.65;0.72;9.59;0.81;3.94;7.36;2.06;2.26;1.45;2.64;0.64;0.90;0.87;10.20;5.40;12.01;11.18;13.58;0
160918;5.16;5.99;3.65;0.70;9.59;0.81;3.78;7.25;1.87;2.26;1.45;2.54;0.73;0.89;0.86;10.20;5.35;11.76;11.18;13.58;0
160919;5.29;5.99;3.57;0.72;9.13;0.83;3.84;7.47;1.91;2.46;1.50;2.64;0.52;0.89;0.86;10.03;5.35;11.84;11.09;13.58;0
160920;5.09;6.00;3.57;0.70;9.59;0.79;3.81;7.30;1.83;2.28;1.44;2.54;0.55;0.89;0.86;10.03;5.45;11.84;11.09;13.58;0
160921;5.41;5.99;3.73;0.72;9.36;0.80;3.81;7.30;1.80;2.38;1.48;2.54;0.55;0.88;0.86;10.03;5.35;11.84;11.09;13.58;0
160922;5.16;6.00;3.57;0.72;9.36;0.83;3.88;7.30;1.83;2.38;1.44;2.43;0.55;0.88;0.86;10.12;5.40;12.18;11.09;15.36;0
160923;5.25;6.00;3.82;0.75;9.36;0.83;3.81;7.47;1.80;2.28;1.45;2.54;0.52;0.89;0.86;9.95;5.45;11.84;11.18;15.36;0
160924;5.14;6.01;3.57;0.72;9.59;0.80;3.81;7.30;1.87;2.28;1.44;2.54;0.55;0.89;0.86;9.86;5.40;11.84;11.09;14.44;0
160925;5.14;6.00;3.73;0.72;9.59;0.83;3.81;7.41;1.80;2.23;1.47;2.87;0.55;0.87;0.85;9.95;5.40;11.93;10.92;14.44;0
160926;5.20;6.00;3.57;0.70;9.59;0.80;3.81;7.41;1.83;2.31;1.45;2.64;0.92;0.89;0.85;9.86;5.40;11.84;11.00;13.58;0
160927;5.16;6.01;3.73;0.70;9.59;0.80;3.78;7.30;1.87;2.23;1.42;2.54;0.55;0.86;0.84;9.86;5.35;11.93;11.00;13.58;0
160928;5.36;6.01;3.65;0.72;9.59;0.83;3.81;7.41;1.80;2.28;1.44;2.54;0.55;0.87;0.84;9.78;5.40;11.93;11.00;14.44;0
160929;5.48;6.01;3.57;0.67;9.36;0.79;3.81;7.30;1.80;2.38;1.53;2.64;0.80;0.86;0.84;9.78;5.45;12.01;10.83;15.36;0
160930;5.20;6.01;3.65;0.70;10.32;0.81;3.84;7.41;1.83;2.23;1.44;2.64;0.52;0.85;0.86;9.78;5.35;12.01;11.00;14.44;0
160931;5.27;6.01;3.65;0.70;9.36;0.83;3.78;7.47;1.83;2.26;1.51;2.64;0.88;0.85;0.85;9.86;5.40;11.93;10.92;13.58;0
160932;5.39;6.02;3.65;0.72;9.83;0.80;3.84;7.41;1.83;2.36;1.45;2.64;0.52;0.85;0.86;9.86;5.45;11.93;10.83;13.58;0
160933;5.29;6.02;3.65;0.72;9.59;0.81;3.81;7.47;1.95;2.28;1.45;2.64;0.55;0.85;0.84;9.78;5.40;12.09;11.00;13.58;0
160934;5.20;6.02;3.57;0.72;9.59;0.80;3.81;7.41;1.98;2.28;1.44;3.37;0.55;0.84;0.84;9.69;5.35;12.01;11.09;13.58;0
160935;5.60;6.03;3.48;0.72;9.59;0.80;3.78;7.52;1.80;2.21;1.51;2.64;0.52;0.85;0.84;9.69;5.45;12.09;10.92;14.44;0
160935;5.25;6.02;3.57;0.75;9.59;0.79;3.81;7.41;1.80;2.31;1.44;2.64;0.55;0.84;0.85;9.53;5.40;12.01;10.92;14.44;0
160936;5.25;6.03;3.57;0.70;9.83;0.79;3.98;7.47;1.83;2.26;1.44;2.64;0.55;0.83;0.85;9.53;5.45;11.84;11.00;14.44;0
160937;5.53;6.03;3.73;0.72;10.07;0.84;3.84;7.41;1.87;2.28;1.44;2.54;0.84;0.84;0.83;9.53;5.40;12.01;10.83;11.99;0
160938;5.36;6.02;3.57;0.72;9.59;0.79;3.88;7.41;1.83;2.26;1.42;3.63;0.58;0.83;0.83;9.61;5.35;11.93;10.92;13.58;0
160939;5.43;6.02;3.57;0.72;9.59;0.80;3.84;7.36;1.80;2.23;1.44;2.64;0.55;0.83;0.83;9.53;5.40;11.93;11.00;13.58;0
160940;5.46;6.03;3.73;0.72;9.59;0.81;3.88;7.63;1.80;2.31;1.44;2.64;0.55;0.82;0.83;9.61;5.45;11.93;10.83;13.58;0
160941;5.39;6.02;3.65;0.84;9.36;0.81;3.81;7.52;1.87;2.26;1.42;2.54;0.55;0.81;0.84;9.53;5.45;11.93;10.83;13.58;0
160942;5.72;6.04;3.82;0.75;9.59;0.80;3.81;7.47;1.80;2.28;1.42;2.99;0.55;0.82;0.83;9.53;5.50;11.93;10.92;12.76;0
160943;5.46;6.04;3.65;0.72;10.32;0.81;3.81;7.47;1.83;2.31;1.42;3.11;0.55;0.82;0.82;9.53;5.45;11.93;10.92;13.58;0
160944;5.53;6.04;3.57;0.75;9.59;0.81;3.84;7.58;1.80;2.21;1.44;2.64;0.55;0.83;0.84;9.44;5.45;11.93;10.92;13.58;0
160945;5.60;6.04;3.57;0.75;9.36;0.81;3.84;7.47;1.80;2.23;1.47;2.64;0.52;0.82;0.83;9.36;5.50;11.93;10.92;13.58;0
160946;5.50;6.05;3.73;0.75;9.59;0.80;3.81;7.58;1.87;2.31;1.42;2.64;0.52;0.81;0.83;9.44;5.45;11.93;10.83;13.58;0
160947;5.48;6.04;3.48;0.75;9.36;0.80;3.81;7.47;1.80;2.36;1.42;2.64;0.55;0.82;0.82;9.36;5.40;11.93;10.92;13.58;0
160948;5.53;6.04;3.65;0.81;10.07;0.81;3.81;7.47;1.80;2.23;1.42;2.76;0.52;0.81;0.81;9.36;5.45;11.93;10.75;12.76;0
160949;5.46;6.04;3.65;0.75;10.07;0.81;3.84;7.47;1.80;2.23;1.41;2.54;0.70;0.83;0.82;9.36;5.45;12.01;10.75;13.58;0
160950;5.48;6.04;4.09;0.75;9.59;0.81;3.81;7.47;1.80;2.21;1.39;2.76;0.52;0.80;0.82;9.36;5.45;12.01;10.83;11.99;0
160951;5.50;6.04;3.65;0.75;9.36;0.80;3.84;7.58;1.80;2.23;1.41;2.64;0.55;0.81;0.82;9.28;5.50;11.93;10.83;12.76;0
160952;5.50;6.04;3.73;0.78;9.59;0.79;3.84;7.58;1.87;2.23;1.42;2.99;0.55;0.80;0.83;9.36;5.45;12.01;10.83;13.58;0
160953;5.75;6.05;3.91;0.94;9.59;0.80;3.84;7.52;1.95;2.26;1.41;2.54;0.52;0.80;0.83;9.36;5.50;12.01;10.92;12.76;0
160954;5.60;6.05;3.65;0.75;9.36;0.80;3.81;7.52;1.80;2.23;1.42;2.64;0.64;0.80;0.82;9.36;5.45;11.93;10.75;12.76;0
160955;5.75;6.04;3.73;0.78;9.36;0.79;3.88;7.52;1.83;2.23;1.42;2.76;0.50;0.81;0.82;9.36;5.45;12.09;10.92;13.58;0
160955;5.55;6.05;3.73;0.72;9.36;0.80;3.84;7.58;1.80;2.23;1.48;2.64;0.73;0.81;0.83;9.28;5.50;12.01;10.92;12.76;0
160956;5.55;6.05;3.48;0.75;9.59;0.83;3.88;7.63;1.80;2.23;1.41;2.64;0.58;0.81;0.83;9.28;5.50;11.93;10.75;13.58;0
160957;5.53;6.06;3.65;0.87;9.59;0.81;3.84;7.52;1.80;2.31;1.42;2.54;0.58;0.80;0.82;9.28;5.45;12.09;10.83;12.76;0
160958;6.08;6.06;3.73;0.78;9.59;0.84;3.81;7.58;1.80;2.23;1.48;3.77;0.55;0.80;0.83;9.28;5.45;11.93;10.83;13.58;0
160959;5.53;6.06;4.00;0.81;10.07;0.81;3.88;7.63;1.80;2.23;1.41;2.54;0.55;0.81;0.83;9.36;5.45;12.09;10.83;12.76;0
161000;5.62;6.06;3.65;0.70;9.59;0.81;3.81;7.63;1.76;2.21;1.41;2.54;0.55;0.81;0.84;9.44;5.45;12.09;10.83;13.58;0
161001;5.65;6.06;3.48;0.72;9.83;0.79;3.81;7.63;1.72;2.21;1.42;2.54;0.58;0.81;0.83;9.28;5.45;12.01;10.92;13.58;0
161002;5.65;6.07;3.65;0.75;9.59;0.81;3.91;7.63;1.80;2.23;1.45;2.64;0.55;0.81;0.84;9.69;5.50;12.01;10.83;12.76;0
161003;5.55;6.07;3.65;0.75;9.59;0.80;3.81;7.58;1.91;2.21;1.41;3.77;0.52;0.83;0.83;9.20;5.45;12.01;10.92;14.44;0
161004;5.65;6.06;3.65;0.84;10.32;0.80;3.91;7.58;1.76;2.33;1.42;2.76;0.50;0.81;0.83;9.61;5.45;12.09;10.83;14.44;0
161005;5.87;6.07;3.82;0.75;9.59;0.81;3.84;7.52;2.02;2.21;1.42;2.64;0.55;0.81;0.83;9.20;5.45;12.09;10.83;13.58;0
161006;5.60;6.07;3.65;0.72;9.59;0.81;3.88;7.58;1.72;2.21;1.42;2.87;0.58;0.81;0.82;9.20;5.50;12.09;10.92;14.44;0
161007;5.67;6.07;3.57;0.75;9.83;0.79;3.84;7.63;1.76;2.21;1.42;3.91;0.55;0.80;0.82;9.20;5.45;12.09;10.83;13.58;0
161008;5.67;6.07;3.65;0.78;9.83;0.83;3.91;7.69;1.87;2.21;1.42;2.54;0.52;0.81;0.82;9.20;5.60;12.18;10.83;14.44;0
161009;5.58;6.07;4.27;0.75;9.59;0.83;3.84;7.63;1.76;2.23;1.41;2.54;0.52;0.80;0.83;9.20;5.50;12.01;10.92;13.58;0
161010;5.90;6.08;3.73;0.75;9.83;0.81;3.84;7.63;1.76;2.33;1.41;2.43;0.52;0.80;0.83;9.20;5.55;12.09;10.83;14.44;0
161011;5.80;6.07;3.65;0.87;9.83;0.80;3.84;7.63;1.76;2.21;1.41;2.54;0.52;0.80;0.82;9.20;5.50;12.09;10.92;14.44;0
161012;5.65;6.08;3.73;0.94;9.59;0.81;3.84;7.63;1.76;2.18;1.42;2.54;0.58;0.79;0.83;9.20;5.55;12.09;10.83;13.58;0
161013;5.55;6.07;3.65;0.75;9.83;0.80;3.84;7.80;1.76;2.28;1.50;3.11;0.55;0.80;0.82;9.12;5.50;12.09;10.83;13.58;0
161014;5.90;6.08;3.65;0.72;9.83;0.79;3.84;7.69;1.72;2.23;1.42;2.64;0.55;0.81;0.83;9.04;5.45;12.09;10.83;13.58;0
161015;5.72;6.08;3.65;0.75;9.83;0.79;3.98;7.69;1.76;2.21;1.41;2.54;0.55;0.79;0.82;9.04;5.50;12.01;10.83;13.58;0
161015;5.82;6.09;3.57;0.81;9.83;0.79;3.88;7.69;1.80;2.21;1.39;2.43;0.55;0.80;0.83;9.04;5.60;12.18;10.92;14.44;0
161016;5.75;6.08;3.73;0.78;9.83;0.81;3.84;7.63;1.76;2.21;1.42;2.76;0.55;0.82;0.82;9.04;5.55;12.01;10.83;14.44;0
161017;5.95;6.09;3.65;0.75;10.32;0.79;3.91;7.91;1.72;2.31;1.48;2.54;0.55;0.79;0.83;9.12;5.50;12.09;10.75;14.44;0
161018;5.70;6.09;3.82;0.75;9.59;0.79;3.98;7.63;1.80;2.18;1.41;2.54;0.52;0.80;0.83;9.04;5.45;12.09;10.83;13.58;0
161019;5.77;6.09;3.65;0.78;9.59;0.81;3.84;7.69;1.80;2.26;1.41;2.64;0.55;0.79;0.82;9.20;5.45;12.01;10.75;13.58;0
161020;5.72;6.09;3.65;0.72;9.83;0.80;3.88;7.69;1.76;2.18;1.41;2.54;0.55;0.80;0.82;9.36;5.50;12.09;10.83;14.44;0
161021;6.10;6.09;3.65;0.81;9.83;0.83;3.84;7.69;1.87;2.18;1.45;2.64;0.55;0.78;0.82;9.12;5.55;12.18;10.83;14.44;0
161022;5.77;6.09;3.57;0.94;10.32;0.83;3.81;7.74;1.72;2.28;1.41;2.64;0.55;0.79;0.82;9.28;5.50;12.01;10.83;15.36;0
161023;5.58;6.09;3.57;0.78;9.83;0.79;3.88;7.74;1.76;2.21;1.39;3.63;0.58;0.79;0.82;9.12;5.55;12.09;10.83;14.44;0
161024;5.97;6.09;3.57;0.78;10.07;0.80;3.84;7.74;1.80;2.16;1.39;2.64;0.55;0.79;0.82;8.88;5.50;12.18;10.83;13.58;0
161025;5.85;6.10;3.65;0.78;9.83;0.80;3.88;7.86;1.69;2.18;1.39;2.64;0.50;0.79;0.85;8.88;5.50;12.01;10.83;13.58;0
161026;5.82;6.09;3.57;0.75;9.59;0.80;3.88;7.69;1.72;2.21;1.41;3.50;0.55;0.79;0.83;9.04;5.55;12.09;10.92;13.58;0
161027;5.85;6.09;3.65;0.78;9.83;0.80;3.84;7.69;1.72;2.31;1.45;2.99;0.64;0.79;0.82;8.88;5.50;12.18;10.75;15.36;0
161028;5.87;6.09;3.73;0.84;10.32;0.79;3.88;7.80;1.72;2.18;1.39;2.64;0.50;0.78;0.82;8.96;5.50;12.01;10.83;13.58;0
161029;5.60;6.09;3.57;0.84;9.83;0.81;3.88;7.63;1.69;2.16;1.39;3.24;0.52;0.79;0.82;8.88;5.55;12.09;10.92;13.58;0
161030;5.58;6.10;3.65;0.78;9.59;0.81;3.81;7.74;1.72;2.18;1.41;2.64;0.55;0.79;0.81;8.80;5.55;12.26;10.83;14.44;0
161031;5.77;6.09;3.65;0.75;10.57;0.81;3.88;7.74;1.72;2.31;1.39;2.99;0.52;0.79;0.82;8.88;5.45;12.01;10.92;14.44;0
161032;5.72;6.10;3.57;0.75;9.83;0.80;3.91;7.69;1.69;2.18;1.38;2.54;0.55;0.78;0.82;8.80;5.45;12.09;10.92;14.44;0
161033;5.70;6.09;3.57;0.78;9.83;0.79;3.88;7.69;1.69;2.16;1.38;3.63;0.50;0.79;0.81;8.80;5.45;12.09;10.83;13.58;0
161034;5.82;6.10;3.65;0.75;9.59;0.81;3.84;7.63;1.72;2.16;1.41;2.64;0.64;0.78;0.82;8.80;5.60;12.18;10.83;14.44;0
161035;5.77;6.09;3.57;0.78;10.07;0.84;3.88;7.63;1.65;2.28;1.38;2.54;0.52;0.80;0.81;8.88;5.40;12.09;10.75;14.44;0
161917;4.46;5.31;3.96;0.65;7.03;0.82;3.87;5.82;2.13;2.49;1.55;2.77;0.71;0.44;0.51;9.03;4.74;10.76;8.88;1.73;1
161918;4.37;5.31;3.70;0.63;7.22;0.82;3.71;5.97;2.26;2.41;1.52;2.77;0.51;0.47;0.52;9.35;4.87;10.88;9.03;1.83;1
161919;4.44;5.31;3.70;0.60;7.22;0.82;3.71;6.02;2.20;2.41;1.52;2.77;0.82;0.45;0.52;9.13;4.87;10.99;9.03;1.94;1
161920;4.54;5.31;3.70;0.65;6.83;0.83;3.67;6.17;2.13;2.45;1.67;2.66;0.56;0.47;0.52;9.35;4.94;10.88;9.03;1.94;1
161921;4.46;5.32;3.70;0.91;7.03;0.87;3.74;6.32;2.20;2.41;1.55;2.55;0.54;0.46;0.53;9.24;4.81;10.99;9.10;2.17;1
161922;4.66;5.31;3.62;0.65;7.03;0.82;3.74;6.43;2.06;2.58;1.55;3.01;0.75;0.47;0.54;9.24;4.87;10.99;9.17;1.94;1
161923;4.50;5.31;3.70;0.70;7.03;0.82;3.71;6.58;2.00;2.45;1.55;2.66;0.68;0.47;0.53;9.24;4.94;10.99;9.10;1.94;1
161924;4.54;5.30;3.70;0.65;7.03;0.82;3.74;6.69;2.13;2.45;1.55;2.89;0.56;0.47;0.54;9.35;5.07;11.21;9.17;2.17;1
161925;4.56;5.31;3.78;0.63;6.83;0.86;3.67;6.80;2.13;2.45;1.50;2.77;0.59;0.47;0.54;9.35;5.00;11.21;9.17;2.17;1
161926;4.77;5.31;3.62;0.65;7.03;0.84;3.71;6.90;2.20;2.75;1.62;2.77;0.62;0.48;0.54;9.24;4.94;11.10;9.17;2.30;1
161927;4.58;5.31;3.62;0.63;7.03;0.82;3.71;7.07;2.13;2.71;1.55;2.89;0.54;0.47;0.54;9.35;5.00;11.32;9.24;2.30;1
161927;4.54;5.31;3.78;0.65;7.83;0.86;3.71;7.07;2.13;2.49;1.57;3.80;0.56;0.47;0.55;9.24;5.00;11.21;9.24;2.30;1
161928;4.62;5.31;3.62;0.63;7.22;0.81;3.74;7.13;2.20;2.45;1.67;2.77;0.54;0.47;0.54;9.24;5.14;11.32;9.39;2.43;1
161929;4.85;5.30;3.70;0.65;7.03;0.82;3.71;7.35;2.26;2.49;1.67;3.01;0.59;0.47;0.55;9.24;5.27;11.32;9.31;2.43;1
161930;4.68;5.31;3.62;0.73;7.22;0.82;3.71;7.35;2.13;2.49;1.69;2.77;0.56;0.47;0.54;9.03;5.00;11.21;9.39;2.43;1
161931;4.70;5.30;3.62;0.63;7.42;0.84;3.71;7.41;2.20;2.45;1.57;3.13;0.56;0.48;0.54;9.24;5.07;11.21;9.39;2.43;1
161932;4.77;5.32;3.96;0.63;7.42;0.82;3.74;7.41;2.13;2.45;1.57;2.77;0.54;0.47;0.54;9.46;5.14;11.21;9.39;2.57;1
161933;4.98;5.32;3.96;0.63;7.42;0.83;3.90;7.58;2.26;2.45;1.69;2.77;0.54;0.49;0.55;9.35;5.27;11.32;9.53;2.57;1
161934;4.79;5.32;3.70;0.63;6.83;0.86;3.83;7.58;2.48;2.45;1.64;3.39;0.54;0.48;0.54;9.13;5.07;11.43;9.53;2.57;1
161935;4.72;5.32;3.62;0.60;7.03;0.83;3.90;7.53;2.20;2.49;1.57;2.66;0.54;0.49;0.56;9.13;5.14;11.54;9.53;3.03;1
161936;4.70;5.32;3.62;0.63;7.62;0.83;3.77;7.64;2.13;2.75;1.57;2.66;0.89;0.49;0.55;9.24;5.14;11.32;9.61;3.03;1
161937;4.81;5.33;3.78;0.63;7.03;0.83;3.71;7.64;2.20;2.54;1.57;3.13;0.51;0.49;0.55;9.13;5.14;11.32;9.53;2.72;1
161938;4.79;5.33;3.70;0.65;7.22;0.84;3.74;7.64;2.26;2.49;1.60;2.66;0.59;0.49;0.55;9.24;5.14;11.77;9.75;3.03;1
161939;4.79;5.33;3.87;0.65;7.03;0.86;3.71;7.76;2.13;2.54;1.72;2.66;0.54;0.49;0.56;9.35;5.07;11.32;9.68;3.21;1
161940;4.77;5.33;3.70;0.65;7.03;0.84;3.71;7.82;2.20;2.54;1.57;2.77;0.54;0.50;0.55;9.24;5.14;11.43;9.75;3.39;1
161941;4.70;5.34;3.78;0.65;7.42;0.86;3.87;7.94;2.13;2.54;1.60;2.66;0.54;0.54;0.55;9.24;5.20;11.43;9.75;3.39;1
161942;5.07;5.34;3.87;0.63;7.42;0.84;3.71;8.12;2.13;2.45;1.57;3.13;0.54;0.50;0.56;9.35;5.14;11.32;9.75;3.39;1
161943;4.96;5.34;4.14;0.70;7.03;0.83;3.74;8.12;2.26;2.54;1.60;2.66;0.62;0.50;0.56;9.03;5.07;11.43;9.75;3.39;1
161944;4.89;5.33;3.62;0.65;7.03;0.83;3.74;8.00;2.26;2.75;1.67;2.66;0.85;0.52;0.58;9.24;5.14;11.32;9.75;3.39;1
161945;4.85;5.34;3.70;0.65;7.03;0.81;3.74;8.12;2.26;2.58;1.57;2.66;0.54;0.52;0.56;9.24;5.14;11.43;9.75;3.58;1
161946;4.87;5.34;3.70;0.68;6.83;0.82;3.77;8.06;2.33;2.62;1.60;2.55;0.56;0.52;0.57;9.35;5.14;11.43;9.75;3.58;1
161946;5.18;5.34;3.70;0.63;7.03;0.83;4.00;8.12;2.33;2.54;1.57;2.66;0.56;0.51;0.56;9.13;5.14;11.43;9.75;3.78;1
161947;4.85;5.34;3.70;0.63;7.03;0.84;3.80;8.19;2.26;2.54;1.60;2.66;0.54;0.52;0.56;9.24;5.14;11.43;9.75;3.78;1
161948;4.91;5.34;3.70;0.63;6.83;0.86;3.87;8.25;2.33;2.54;1.60;2.66;0.56;0.52;0.57;9.56;5.20;11.43;9.83;3.99;1
161949;4.89;5.33;3.78;0.63;6.83;0.84;3.74;8.25;2.20;2.58;1.69;2.66;0.85;0.52;0.57;9.35;5.20;11.43;9.75;3.78;1
161950;4.91;5.34;3.70;0.65;7.03;0.81;3.77;8.25;2.26;2.58;1.60;2.66;0.51;0.52;0.57;9.24;5.14;11.43;9.75;3.99;1
161951;4.83;5.35;3.70;0.68;7.03;0.82;3.74;8.31;2.33;2.79;1.60;2.66;0.56;0.52;0.57;9.35;5.14;11.66;9.75;3.78;1
161952;4.81;5.34;3.70;0.65;7.03;0.82;3.77;8.31;2.26;2.54;1.60;3.39;0.51;0.52;0.56;9.13;5.14;11.54;9.75;3.99;1
161953;4.85;5.33;3.96;0.65;7.42;0.84;3.80;8.25;2.26;2.58;1.60;2.66;0.85;0.52;0.57;9.13;5.14;11.43;9.75;3.99;1
161954;4.91;5.34;4.14;0.68;7.42;0.86;3.71;8.25;2.13;2.79;1.60;2.77;0.54;0.52;0.56;9.35;5.14;11.43;9.75;4.21;1
161955;5.09;5.34;3.70;0.63;6.83;0.83;3.74;8.31;2.33;2.54;1.57;2.89;0.54;0.52;0.57;9.24;5.14;11.54;9.75;4.21;1
161956;5.09;5.33;3.62;0.65;7.03;0.82;3.71;8.37;2.26;2.75;1.62;2.66;0.82;0.53;0.57;9.35;5.14;11.43;9.75;4.21;1
161957;5.07;5.35;3.70;0.63;7.03;0.83;3.71;8.37;2.33;2.58;1.57;2.77;0.54;0.53;0.57;9.35;5.20;11.54;9.75;3.99;1
161958;4.98;5.35;3.62;0.63;7.22;0.83;3.71;8.37;2.26;2.54;1.74;2.66;0.54;0.52;0.58;9.24;5.20;11.54;9.75;4.21;1
161959;4.91;5.35;3.70;0.65;7.42;0.84;3.74;8.63;2.26;2.54;1.57;2.77;0.56;0.52;0.57;9.35;5.20;11.66;9.83;4.21;1
162000;4.94;5.35;3.62;0.70;7.22;0.83;3.71;8.37;2.70;2.54;1.60;2.66;0.51;0.53;0.57;9.24;5.20;11.43;9.75;4.21;1
162001;4.89;5.35;3.62;0.63;7.22;0.83;3.71;8.56;2.40;2.54;1.62;2.66;0.85;0.52;0.58;9.13;5.14;11.54;9.83;4.69;1
162002;5.00;5.35;4.05;0.63;7.03;0.83;3.80;8.56;2.26;2.58;1.64;2.77;0.54;0.52;0.58;9.24;5.27;11.54;9.75;4.21;1
162003;5.00;5.35;3.70;0.68;7.22;0.84;3.67;8.56;2.26;2.58;1.60;2.66;0.54;0.52;0.58;9.13;5.20;11.43;9.68;4.44;1
162004;5.13;5.35;3.70;0.73;7.22;0.83;3.71;8.69;2.26;2.58;1.60;2.66;0.56;0.53;0.58;9.56;5.27;11.66;9.75;4.69;1
162005;5.20;5.36;3.70;0.60;7.03;0.83;3.74;8.63;2.33;2.75;1.62;2.77;0.56;0.53;0.58;9.46;5.34;11.66;9.75;4.69;1
162006;5.04;5.35;3.78;0.63;7.22;0.81;3.80;8.76;2.26;2.54;1.64;2.66;0.71;0.53;0.58;9.35;5.34;12.00;9.75;4.69;1
162006;5.02;5.36;3.87;0.70;6.83;0.82;3.74;8.69;2.33;2.58;1.62;2.77;0.89;0.54;0.58;9.35;5.20;11.66;9.75;4.69;1
162007;5.02;5.37;3.62;0.65;7.03;0.82;3.74;8.76;2.40;2.62;1.60;2.66;0.54;0.54;0.58;9.24;5.27;11.54;9.75;4.21;1
162008;5.04;5.36;3.70;0.63;7.03;0.82;3.74;8.76;2.26;2.58;1.60;2.66;0.56;0.53;0.59;9.35;5.27;11.66;9.75;4.69;1
162009;5.20;5.37;3.70;0.63;7.03;0.86;3.71;8.76;2.70;2.62;1.74;3.94;0.54;0.52;0.59;9.35;5.27;11.77;9.75;4.94;1
162010;4.96;5.38;3.70;0.76;7.03;0.82;3.74;8.89;2.26;2.62;1.62;2.77;0.54;0.54;0.58;9.35;5.34;11.66;9.68;4.69;1
162011;4.89;5.38;3.78;0.65;6.83;0.81;3.74;8.82;2.40;2.54;1.62;2.77;0.78;0.54;0.58;9.24;5.34;11.88;9.75;4.69;1
162012;5.11;5.38;3.62;0.63;7.03;0.83;3.67;8.89;2.33;2.58;1.64;2.89;0.54;0.53;0.59;9.35;5.20;11.88;9.75;4.69;1
162013;5.11;5.38;3.70;0.63;7.03;0.84;3.74;8.95;2.26;2.66;1.64;2.66;0.54;0.54;0.59;9.56;5.41;11.88;9.75;4.69;1
162014;5.00;5.38;3.70;0.73;7.03;0.82;3.71;9.02;2.55;2.66;1.64;2.55;0.54;0.53;0.59;9.46;5.54;11.88;9.75;4.69;1
162015;5.02;5.38;3.70;0.63;7.22;0.83;3.77;9.09;2.26;2.62;1.64;2.66;0.71;0.54;0.59;9.46;5.34;11.88;9.75;4.69;1
162016;5.13;5.39;3.62;0.63;6.83;0.82;3.74;9.09;2.85;2.58;1.64;2.66;0.54;0.54;0.60;9.24;5.41;12.11;9.75;4.94;1
162017;5.13;5.40;3.87;0.65;7.03;0.84;3.74;9.09;2.77;2.62;1.67;2.89;0.68;0.54;0.59;9.35;5.47;11.88;9.83;5.21;1
162018;5.13;5.39;3.78;0.68;7.03;0.84;3.71;9.15;2.40;2.62;1.62;2.66;0.56;0.55;0.60;9.35;5.41;11.88;9.83;5.21;1
162019;5.15;5.39;3.70;0.68;7.03;0.81;3.71;9.09;2.55;2.58;1.64;2.66;0.51;0.54;0.59;9.35;5.41;12.00;9.75;4.94;1
162020;5.22;5.39;3.70;0.65;7.03;0.82;3.74;9.22;2.40;2.62;1.64;2.66;0.59;0.55;0.60;9.46;5.41;12.11;9.75;5.21;1
162021;5.13;5.40;3.70;0.65;7.03;0.82;3.77;9.29;2.85;2.62;1.62;2.66;0.56;0.55;0.60;9.56;5.41;12.00;9.75;5.49;1
162022;5.18;5.40;3.78;0.81;7.03;0.83;3.71;9.29;2.40;2.88;1.64;2.66;0.62;0.54;0.59;9.46;5.41;11.88;9.75;5.21;1
162023;5.13;5.41;3.70;0.63;7.03;0.83;3.74;9.22;2.40;2.62;1.77;2.66;0.54;0.54;0.60;9.46;5.41;12.11;9.75;5.21;1
162024;5.15;5.40;3.70;0.65;7.03;0.83;3.74;9.36;2.40;2.62;1.64;3.66;0.54;0.55;0.60;9.35;5.47;12.11;9.75;4.94;1
162024;5.18;5.40;3.70;0.65;7.03;0.82;3.74;9.29;2.48;2.66;1.67;2.66;0.56;0.54;0.60;9.46;5.47;12.11;9.75;5.21;1
162025;5.27;5.41;3.70;0.68;7.03;0.84;3.74;9.43;2.40;2.62;1.67;2.66;0.59;0.55;0.60;9.56;5.54;12.11;9.75;5.21;1
162026;5.25;5.41;3.62;0.73;7.03;0.81;3.71;9.36;2.70;2.62;1.69;2.77;0.71;0.54;0.60;9.46;5.41;12.22;9.75;5.21;1
162027;5.15;5.41;3.62;0.65;7.22;0.82;3.74;9.43;2.48;2.66;1.64;2.66;0.51;0.55;0.60;9.35;5.54;12.00;9.75;5.49;1
162028;5.62;5.42;3.70;0.65;7.03;0.83;3.71;9.50;2.48;2.84;1.69;2.66;0.56;0.55;0.60;9.46;5.41;12.11;9.75;5.21;1
162029;5.20;5.42;3.78;0.70;7.03;0.83;3.74;9.50;2.55;2.71;1.77;2.66;0.54;0.54;0.60;9.46;5.47;12.00;9.75;5.21;1
162030;5.20;5.41;3.62;0.68;7.83;0.83;3.74;9.43;2.62;2.92;1.64;2.66;0.54;0.55;0.61;9.46;5.47;12.11;9.83;5.49;1
162031;5.22;5.42;3.70;0.63;7.03;0.83;3.74;9.43;2.48;2.66;1.79;3.52;0.54;0.55;0.60;9.35;5.54;12.00;9.75;5.21;1
162032;5.20;5.42;3.78;0.65;7.03;0.79;3.74;9.50;2.33;2.75;1.67;2.66;0.56;0.55;0.61;9.46;5.61;12.22;9.68;5.21;1
162033;5.20;5.42;3.70;0.68;6.83;0.83;3.74;9.43;2.62;2.66;1.69;2.66;0.85;0.55;0.61;9.46;5.68;12.11;9.75;5.79;1
162034;5.20;5.42;3.53;0.65;7.03;0.83;3.71;9.43;2.48;2.62;1.72;2.66;0.54;0.55;0.60;9.67;5.47;12.11;9.75;5.21;1
162035;5.20;5.42;3.96;0.65;7.03;0.83;3.71;9.57;2.55;2.71;1.72;3.94;0.54;0.55;0.60;9.46;5.54;12.22;9.75;5.49;1
162036;5.29;5.43;3.70;0.65;6.83;0.83;3.77;9.43;2.40;2.66;1.82;2.66;0.56;0.54;0.61;9.35;5.61;12.45;9.68;5.21;1
162037;5.25;5.42;3.87;0.63;6.65;0.82;3.74;9.43;2.85;2.66;1.69;2.89;0.54;0.55;0.61;9.46;5.61;12.22;9.75;5.49;1
162038;5.27;5.43;3.62;0.68;7.22;0.86;3.74;9.57;2.62;2.66;1.67;2.55;0.56;0.55;0.60;9.46;5.68;12.22;9.68;5.49;1
162039;5.27;5.42;3.70;0.65;6.83;0.81;3.74;9.57;2.62;2.92;1.69;2.66;0.59;0.55;0.61;9.56;5.61;12.34;9.75;6.10;1
162040;5.36;5.43;3.70;0.68;7.03;0.82;3.71;9.57;2.93;2.75;1.69;2.66;0.59;0.54;0.60;9.46;5.68;12.11;9.68;5.49;1
162041;5.60;5.43;3.70;0.65;7.22;0.81;3.77;9.63;2.55;2.71;1.69;2.77;0.59;0.56;0.61;9.89;5.61;12.45;9.75;6.10;1
162042;5.38;5.43;3.70;0.65;7.62;0.83;3.71;9.57;2.70;2.71;1.67;2.66;0.56;0.54;0.61;9.46;5.61;12.22;9.75;5.79;1
162043;5.38;5.43;3.70;0.76;7.03;0.83;3.71;9.57;2.48;2.66;1.69;2.66;0.59;0.55;0.61;9.56;5.75;12.34;9.68;5.49;1
162044;5.75;5.43;3.62;0.76;6.83;0.84;3.77;9.63;2.48;2.66;1.69;3.80;0.51;0.55;0.61;9.46;5.75;12.34;9.61;5.49;1
162044;5.38;5.45;3.78;0.76;7.03;0.84;3.74;9.57;2.55;2.75;1.69;2.89;0.56;0.54;0.61;9.56;5.68;12.22;9.68;5.49;1
162045;5.41;5.44;3.70;0.78;7.03;0.86;3.71;9.63;2.48;2.71;1.67;2.66;0.54;0.54;0.61;9.56;5.82;12.34;9.68;5.79;1
162046;5.43;5.44;3.62;0.81;7.03;0.82;3.77;9.57;2.62;2.71;1.77;2.66;0.68;0.55;0.60;9.56;5.89;12.34;9.61;5.49;1
162047;5.43;5.45;3.78;0.68;7.03;0.81;3.74;9.57;2.62;2.92;1.69;2.77;0.56;0.54;0.61;10.00;5.68;12.45;9.61;5.79;1
162048;5.41;5.44;3.70;0.68;7.22;0.83;3.77;9.70;2.62;2.84;1.82;2.66;0.54;0.55;0.62;9.46;5.68;12.68;9.61;5.79;1
162049;5.36;5.45;3.70;0.65;6.83;0.81;3.74;9.85;2.40;2.71;1.69;2.55;0.54;0.55;0.62;9.46;5.75;12.34;9.68;5.49;1
162050;5.45;5.45;3.70;0.65;7.03;0.82;3.74;9.63;2.62;2.84;1.72;2.77;0.54;0.55;0.61;9.56;5.75;12.34;9.68;5.49;1
162051;5.48;5.45;3.78;0.65;7.03;0.83;3.71;9.70;2.55;2.75;1.82;2.66;0.56;0.55;0.62;9.46;5.82;12.45;9.68;5.49;1
162052;5.53;5.45;3.62;0.68;7.03;0.82;3.87;9.70;2.70;2.71;1.69;2.55;0.54;0.55;0.62;9.56;5.68;12.45;9.53;5.49;1
162053;5.53;5.45;3.62;0.68;7.62;0.82;3.80;9.57;2.70;2.79;1.72;2.66;0.54;0.55;0.62;9.56;5.75;12.56;9.53;5.79;1
162054;5.53;5.45;3.70;0.73;7.03;0.81;3.93;9.78;2.62;2.75;1.84;2.66;0.54;0.54;0.61;9.56;5.96;12.56;9.68;5.49;1
162055;5.72;5.46;3.62;0.76;7.03;0.82;3.77;9.63;2.62;2.79;1.74;2.77;0.54;0.55;0.62;9.67;5.75;12.45;9.61;5.79;1
162056;5.65;5.45;3.70;0.65;7.03;0.81;3.77;9.99;2.77;3.01;1.74;3.26;0.54;0.55;0.61;9.56;5.75;12.56;9.53;5.21;1
162057;5.60;5.45;3.70;0.65;7.62;0.83;3.74;9.70;2.62;2.79;1.74;2.66;0.78;0.55;0.62;9.78;5.82;12.56;9.53;5.49;1
162058;5.57;5.45;3.96;0.65;7.03;0.82;3.71;9.70;2.70;2.88;1.82;2.77;0.54;0.57;0.62;9.67;5.82;12.68;9.46;5.79;1
162059;5.62;5.45;3.70;0.65;7.42;0.82;3.71;9.63;2.62;2.75;1.87;2.66;0.56;0.54;0.61;9.46;5.89;12.56;9.53;5.49;1
162100;5.48;5.46;3.70;0.73;7.03;0.83;3.77;10.06;2.62;2.79;1.74;2.66;0.51;0.55;0.62;9.67;5.82;12.45;9.61;5.79;1
162101;5.67;5.46;3.70;0.63;7.03;0.82;3.90;9.85;2.70;2.79;1.72;2.66;0.59;0.55;0.62;9.67;5.96;12.68;9.53;5.79;1
162102;5.45;5.47;3.70;0.68;7.03;0.82;3.74;9.78;2.62;2.79;1.74;2.66;0.62;0.54;0.63;9.56;5.96;12.68;9.53;5.49;1
162103;5.50;5.47;3.53;0.73;7.42;0.82;3.74;9.70;2.70;3.10;1.74;2.66;0.54;0.55;0.62;10.00;5.82;12.79;9.53;5.79;1
162103;5.43;5.47;3.87;0.65;7.03;0.81;3.71;9.78;2.62;2.79;1.72;2.77;0.82;0.56;0.62;9.56;5.96;12.79;9.46;5.79;1
162104;5.62;5.47;3.70;0.63;7.03;0.82;3.77;9.85;2.62;2.84;1.74;2.66;0.56;0.57;0.63;9.56;5.96;12.79;9.53;6.43;1
162105;5.43;5.47;3.70;0.76;7.03;0.79;3.71;9.85;3.01;2.79;1.74;3.01;0.54;0.55;0.62;9.89;5.89;12.79;9.53;5.49;1
162106;5.67;5.48;3.70;0.70;7.03;0.82;3.77;9.85;2.62;2.79;1.74;2.77;0.54;0.55;0.62;9.67;5.96;12.79;9.46;5.79;1
162107;5.48;5.47;3.70;0.68;7.03;0.81;3.74;9.92;2.70;2.79;1.79;2.77;0.54;0.55;0.63;9.89;6.03;12.79;9.46;5.79;1
162108;5.43;5.47;3.62;0.65;7.22;0.82;3.71;9.85;2.70;2.79;1.84;3.01;0.82;0.56;0.63;9.67;5.96;12.91;9.46;5.21;1
162109;5.43;5.48;3.87;0.65;7.62;0.83;3.83;9.85;3.17;2.79;1.87;2.66;0.54;0.56;0.63;9.56;5.96;12.79;9.61;5.79;1
162110;5.41;5.49;3.70;0.68;7.03;0.79;3.83;9.85;2.77;2.79;1.77;2.89;0.56;0.56;0.63;9.56;6.03;13.02;9.46;6.10;1
162111;5.60;5.49;3.70;0.65;7.03;0.82;3.74;9.92;2.70;2.79;1.87;2.66;0.54;0.55;0.62;9.56;6.03;12.91;9.53;5.79;1
162112;5.50;5.49;3.62;0.65;7.22;0.83;3.77;9.85;2.70;2.84;1.74;2.77;0.59;0.56;0.63;9.78;6.03;13.02;9.39;5.49;1
162113;5.36;5.48;3.70;0.63;7.03;0.83;3.71;9.85;2.70;2.88;1.77;2.66;0.56;0.56;0.63;9.67;6.03;13.14;9.46;5.79;1
162114;5.36;5.48;3.62;0.73;7.03;0.83;3.77;9.85;2.77;2.84;1.74;3.80;0.85;0.55;0.62;10.11;5.96;12.79;9.46;5.79;1
162115;5.36;5.49;3.70;0.65;7.22;0.83;3.74;9.85;2.93;3.06;1.77;2.66;0.59;0.55;0.63;9.78;6.10;13.26;9.46;5.79;1
162116;5.34;5.48;3.87;0.81;7.42;0.81;3.90;9.85;2.77;2.79;1.77;2.66;0.54;0.54;0.62;9.78;6.03;13.02;9.46;6.10;1
162117;5.36;5.49;3.62;0.73;7.03;0.82;3.74;9.99;2.77;2.84;1.74;2.66;0.54;0.55;0.63;9.67;6.03;13.02;9.46;5.79;1
162118;5.36;5.49;3.53;0.65;7.03;0.82;3.74;9.99;2.70;2.79;1.82;2.66;0.54;0.54;0.62;10.23;6.03;13.14;9.39;5.79;1
162119;5.34;5.50;3.78;0.63;7.22;0.83;3.74;9.99;2.77;2.84;1.77;2.66;0.56;0.54;0.62;9.67;6.10;13.02;9.46;6.10;1
162120;5.29;5.50;3.62;0.65;7.03;0.81;3.74;9.92;2.77;2.92;1.77;2.77;0.51;0.54;0.63;9.67;6.18;13.02;9.39;5.49;1
162121;5.27;5.50;3.53;0.65;7.03;0.81;3.74;9.99;3.17;2.84;1.77;2.77;0.54;0.55;0.62;9.67;6.10;13.02;9.39;5.79;1
162122;5.41;5.50;3.62;0.65;7.42;0.81;3.74;9.85;2.85;2.84;1.77;3.94;0.54;0.55;0.63;9.67;6.25;13.37;9.53;5.49;1
162123;5.60;5.50;3.70;0.68;7.03;0.83;3.87;9.92;2.77;2.79;1.79;2.66;0.54;0.56;0.63;9.67;6.10;13.14;9.46;5.49;1
162123;5.34;5.51;3.70;0.68;7.22;0.82;3.77;9.92;2.85;2.84;1.79;2.55;0.56;0.55;0.63;9.67;6.18;13.14;9.39;5.49;1
162124;5.31;5.51;3.70;0.78;8.04;0.81;3.90;9.85;2.77;2.84;1.77;2.66;0.54;0.55;0.64;9.67;6.18;13.14;9.39;5.21;1
162125;5.27;5.51;3.70;0.68;7.03;0.82;3.74;9.99;2.85;3.10;1.79;3.26;0.54;0.55;0.63;9.67;6.18;13.02;9.39;5.79;1
162126;5.27;5.52;4.23;0.73;7.03;0.83;3.74;9.92;2.70;3.10;1.79;2.66;0.54;0.54;0.64;9.67;6.25;13.37;9.46;5.49;1
162127;5.22;5.52;3.70;0.68;6.83;0.81;3.74;9.99;2.85;2.84;1.82;2.66;0.54;0.55;0.63;9.67;6.18;13.26;9.39;5.21;1
162128;5.25;5.51;3.70;0.63;7.03;0.81;3.74;9.92;2.85;2.84;1.77;2.55;0.54;0.55;0.63;9.78;6.10;13.14;9.39;5.49;1
162129;5.25;5.52;3.70;0.68;7.03;0.81;3.74;9.92;2.85;3.10;1.87;2.77;0.56;0.54;0.63;9.89;6.25;13.26;9.39;5.49;1
162130;5.48;5.52;3.53;0.68;7.03;0.79;3.74;9.92;2.93;2.88;1.82;3.52;0.54;0.57;0.63;9.78;6.25;13.26;9.31;6.10;1
162131;5.25;5.52;3.70;0.68;7.83;0.79;3.71;9.92;2.93;2.88;1.79;2.66;0.51;0.54;0.63;9.67;6.18;13.26;9.31;5.49;1
162132;5.53;5.52;3.70;0.70;7.03;0.83;3.80;10.28;2.70;2.92;1.95;2.77;0.59;0.54;0.63;9.78;6.25;13.14;9.31;5.21;1
162133;5.20;5.52;3.87;0.65;7.03;0.78;3.77;10.06;2.93;2.88;1.82;2.66;0.56;0.55;0.63;10.00;6.25;13.14;9.31;5.79;1
162134;5.45;5.52;3.53;0.70;7.22;0.79;3.77;10.06;2.85;2.88;1.79;3.94;0.56;0.55;0.63;9.67;6.32;13.49;9.31;5.49;1
162135;5.22;5.52;3.62;0.70;7.03;0.82;3.77;10.06;2.85;2.97;1.82;2.66;0.51;0.55;0.63;9.78;6.39;13.26;9.39;5.79;1
162136;5.20;5.53;3.70;0.65;7.22;0.81;3.87;10.06;2.85;2.92;1.82;2.66;0.51;0.56;0.63;9.78;6.32;13.26;9.31;5.49;1
162137;5.53;5.54;3.62;0.73;7.22;0.81;3.74;10.06;2.93;2.92;1.79;3.26;0.54;0.55;0.63;9.67;6.32;13.26;9.31;5.49;1
162138;5.27;5.53;3.70;0.68;7.22;0.82;3.74;10.06;2.93;2.88;1.84;3.26;0.54;0.54;0.63;9.89;6.32;13.37;9.39;5.79;1
162139;5.22;5.55;3.70;0.78;7.62;0.83;3.77;10.13;2.85;2.92;1.82;2.66;0.75;0.55;0.64;9.67;6.39;13.26;9.24;5.79;1
162140;5.25;5.53;3.70;0.68;7.22;0.79;3.77;9.92;2.93;2.92;1.82;3.80;0.56;0.54;0.63;9.78;6.54;13.60;9.31;5.79;1
162141;5.48;5.54;4.05;0.68;7.03;0.81;3.80;9.99;2.93;2.97;1.89;2.66;0.54;0.54;0.64;9.78;6.62;13.84;9.31;5.49;1
162142;5.25;5.54;3.96;0.70;7.83;0.81;3.80;9.99;3.17;2.88;1.82;2.66;0.56;0.54;0.63;9.89;6.39;13.49;9.31;5.21;1
162142;5.20;5.55;3.53;0.65;7.22;0.81;3.80;9.92;2.85;2.97;1.84;2.66;0.54;0.54;0.63;9.67;6.54;13.60;9.31;5.79;1
162143;5.34;5.55;3.62;0.65;7.42;0.81;3.74;10.06;3.17;2.92;1.82;2.77;0.78;0.54;0.63;10.11;6.39;13.60;9.24;5.49;1
162144;5.25;5.54;3.70;0.81;7.42;0.81;3.77;9.99;3.01;3.14;2.00;3.13;0.56;0.54;0.63;9.89;6.39;13.72;9.39;5.21;1
162145;5.20;5.55;3.62;0.68;7.22;0.79;3.77;10.06;2.93;2.97;1.84;2.77;0.54;0.54;0.63;10.00;6.39;13.60;9.24;5.21;1
162146;5.20;5.55;3.70;0.68;7.62;0.82;3.74;9.99;3.01;2.97;1.82;3.66;0.54;0.55;0.63;9.89;6.39;13.72;9.24;5.49;1
162147;5.20;5.54;3.62;0.68;7.03;0.79;3.74;9.99;3.17;2.97;1.82;2.66;0.59;0.54;0.63;9.89;6.47;13.60;9.17;5.49;1
162148;5.43;5.55;3.62;0.70;7.03;0.79;3.71;9.99;3.01;3.19;1.95;2.66;0.54;0.55;0.63;10.00;6.39;13.72;9.31;5.49;1
162149;5.27;5.55;3.70;0.63;7.03;0.82;3.74;9.99;3.01;3.19;1.84;3.01;0.56;0.54;0.64;10.00;6.47;13.60;9.17;5.79;1
162150;5.18;5.56;3.70;0.68;7.42;0.82;3.77;9.99;3.01;2.97;1.84;2.77;0.54;0.55;0.64;9.89;6.39;13.60;9.17;5.21;1
162151;5.20;5.55;3.62;0.68;7.22;0.81;3.74;9.99;3.09;3.23;1.89;2.77;0.56;0.55;0.63;10.23;6.54;13.72;9.24;5.49;1
162152;5.20;5.55;3.78;0.65;7.03;0.79;3.97;9.99;3.01;2.97;1.84;2.66;0.54;0.54;0.63;9.89;6.47;13.72;9.24;5.49;1
162153;5.22;5.55;3.62;0.68;7.22;0.79;3.71;10.06;3.09;3.14;1.87;3.01;0.56;0.55;0.64;9.89;6.47;13.72;9.24;5.49;1
162154;5.22;5.55;3.70;0.68;7.22;0.81;3.74;10.13;3.17;2.97;1.84;2.66;0.54;0.54;0.64;9.78;6.54;13.72;9.31;5.49;1
162155;5.20;5.57;3.62;0.68;7.03;0.82;3.74;10.13;3.09;3.01;1.87;2.66;0.54;0.54;0.64;9.89;6.54;14.07;9.24;5.21;1
162156;5.22;5.56;3.53;0.68;7.42;0.82;3.77;9.99;3.17;3.01;1.87;2.77;0.54;0.54;0.64;9.89;6.54;13.72;9.24;5.49;1
162157;5.27;5.56;3.62;0.73;7.22;0.81;3.74;10.06;3.09;2.97;1.87;2.66;0.59;0.55;0.64;9.89;6.62;13.84;9.17;5.79;1
162158;5.41;5.56;3.62;0.65;7.03;0.81;3.71;9.99;3.09;3.23;1.87;2.66;0.75;0.55;0.64;9.89;6.62;13.84;9.24;5.79;1
162159;5.22;5.57;3.62;0.73;7.22;0.81;3.74;10.06;3.09;2.97;1.87;2.89;0.54;0.54;0.64;10.11;6.54;13.72;9.17;5.21;1
162200;5.20;5.58;3.70;0.68;7.42;0.81;3.77;9.99;3.01;3.01;1.89;2.66;0.51;0.55;0.64;10.34;6.69;13.72;9.10;4.94;1
162201;5.20;5.57;3.70;0.68;7.42;0.82;3.83;9.99;3.60;3.06;1.87;2.66;0.54;0.54;0.64;10.57;6.62;13.84;9.17;5.49;1
162202;5.22;5.58;3.62;0.68;7.22;0.81;3.80;10.06;3.51;3.06;1.97;2.77;0.56;0.55;0.64;9.89;6.76;13.96;9.24;5.21;1
162202;5.22;5.58;3.62;0.70;7.22;0.81;3.74;10.13;3.17;3.01;1.92;2.66;0.54;0.54;0.64;10.45;6.69;13.84;9.17;5.49;1
162203;5.25;5.58;3.78;0.81;7.03;0.82;3.93;10.06;3.26;3.01;1.89;2.66;0.56;0.54;0.64;10.00;6.69;13.96;9.10;4.94;1
162204;5.36;5.58;3.53;0.70;7.22;0.81;3.77;9.99;3.01;3.01;1.89;2.66;0.59;0.55;0.64;10.34;6.69;13.96;9.31;5.21;1
162205;5.57;5.59;3.70;0.70;7.22;0.81;3.74;10.06;3.09;3.06;1.87;2.66;0.51;0.54;0.64;10.11;6.69;14.07;9.17;5.21;1
162206;5.43;5.58;3.96;0.70;7.03;0.82;3.77;10.13;3.17;3.06;1.84;2.66;0.56;0.54;0.64;10.00;6.76;13.96;9.17;5.49;1
162207;5.22;5.59;3.53;0.70;7.62;0.79;3.74;10.06;3.17;3.01;1.87;2.66;0.56;0.54;0.64;9.89;6.84;13.96;9.17;5.21;1
162208;5.50;5.58;3.70;0.70;7.42;0.83;3.74;10.06;3.09;3.06;1.89;2.66;0.54;0.54;0.64;10.11;6.76;14.19;9.17;5.49;1
162209;5.22;5.59;3.78;0.68;7.03;0.82;3.77;10.06;3.17;3.06;1.89;2.66;0.54;0.55;0.64;10.00;6.69;13.96;9.17;5.21;1
162210;5.41;5.59;3.70;0.70;7.22;0.81;3.74;9.99;3.26;3.14;1.92;2.66;0.51;0.54;0.63;10.11;6.84;14.07;9.17;4.94;1
162211;5.34;5.59;3.53;0.70;7.42;0.83;3.80;10.06;3.26;3.06;1.87;3.26;0.68;0.55;0.64;10.34;6.69;14.07;9.24;5.21;1
162212;5.22;5.59;3.62;0.70;7.22;0.81;3.77;9.99;3.69;3.01;1.89;2.66;0.68;0.54;0.64;10.00;6.76;13.96;9.17;5.21;1
162213;5.22;5.60;3.70;0.81;7.03;0.81;3.74;10.06;3.17;3.06;1.92;3.52;0.54;0.54;0.65;10.23;6.69;14.07;9.10;5.49;1
162214;5.70;5.60;3.70;0.65;7.03;0.82;3.77;10.06;3.17;3.10;1.92;2.66;0.56;0.54;0.64;10.45;6.99;14.07;9.17;5.49;1
162215;5.25;5.59;3.62;0.70;7.03;0.79;3.80;10.06;3.26;3.10;1.92;2.77;0.54;0.54;0.64;10.00;6.84;14.07;9.24;5.21;1
162216;5.29;5.59;3.78;0.73;7.42;0.81;3.77;10.13;3.26;3.06;1.92;2.77;0.54;0.54;0.64;10.11;6.84;14.19;9.17;4.94;1
162217;5.22;5.60;3.70;0.70;7.03;0.82;3.74;10.13;3.17;3.10;1.89;2.89;0.56;0.54;0.64;10.00;6.84;14.07;9.17;5.49;1
162218;5.27;5.60;3.70;0.70;7.42;0.79;3.77;10.13;3.26;3.06;1.89;2.89;0.54;0.55;0.64;10.23;6.76;14.19;9.17;5.21;1
162219;5.25;5.60;3.53;0.65;7.03;0.78;3.77;10.06;3.26;3.28;1.92;2.66;0.54;0.54;0.64;9.89;6.99;14.07;9.24;5.21;1
162220;5.25;5.60;3.87;0.68;7.22;0.81;3.80;10.06;3.17;3.10;1.89;2.66;0.56;0.54;0.64;10.00;6.91;14.19;9.10;4.94;1
162221;5.22;5.61;3.70;0.70;7.22;0.81;3.74;10.06;3.60;3.06;1.89;2.66;0.51;0.54;0.64;10.23;6.99;14.19;9.10;5.49;1
162222;5.22;5.60;3.53;0.70;7.22;0.81;3.77;10.06;3.69;3.14;1.92;2.66;0.56;0.54;0.64;9.89;6.84;14.19;9.10;5.21;1
162222;5.43;5.60;3.70;0.78;7.03;0.81;3.80;10.13;3.34;3.06;1.92;2.77;0.54;0.54;0.63;10.00;6.84;14.19;9.03;5.21;1
162223;5.20;5.61;3.53;0.68;7.22;0.81;3.87;10.13;3.09;3.14;1.92;2.66;0.56;0.54;0.64;10.11;6.84;14.19;9.17;5.21;1
162224;5.20;5.60;3.62;0.70;7.42;0.82;3.74;10.06;3.34;3.14;1.87;3.01;0.54;0.54;0.64;9.89;6.91;14.31;9.10;5.21;1
162225;5.57;5.61;3.70;0.70;7.22;0.81;3.83;10.21;3.26;3.06;1.92;2.89;0.56;0.54;0.64;10.00;6.91;14.43;9.17;4.94;1
162226;5.25;5.60;3.62;0.70;7.22;0.81;3.77;9.99;3.34;3.10;1.92;2.89;0.51;0.54;0.64;10.00;6.99;14.43;9.10;4.94;1
162826;4.19;5.36;3.57;0.64;7.01;0.81;3.71;4.87;2.12;2.39;1.53;2.63;0.81;0.42;0.49;9.15;4.70;10.85;8.90;1.57;2
162827;4.27;5.38;3.57;0.71;7.01;0.83;3.68;4.87;2.12;2.67;1.66;2.63;0.53;0.43;0.48;9.15;4.76;10.67;8.77;1.75;2
162828;4.19;5.38;3.57;0.64;7.20;0.81;3.91;4.93;2.06;2.46;1.61;2.63;0.51;0.42;0.48;9.15;4.70;10.95;8.90;1.57;2
162829;4.31;5.38;3.57;0.69;7.01;0.83;3.74;4.87;2.06;2.49;1.57;2.74;0.74;0.43;0.49;9.15;4.81;10.67;8.84;1.75;2
162830;4.44;5.38;3.74;0.67;7.01;0.84;3.74;4.93;2.41;2.46;1.55;2.74;0.51;0.42;0.48;9.15;4.70;10.85;8.90;1.75;2
162831;4.29;5.38;3.49;0.67;7.20;0.83;3.71;4.87;2.17;2.46;1.55;2.98;0.51;0.43;0.49;9.25;4.86;10.76;8.77;1.75;2
162832;4.32;5.39;3.65;0.64;7.01;0.84;3.79;4.90;2.17;2.60;1.55;2.63;0.53;0.43;0.48;9.05;4.76;11.04;8.84;1.75;2
162833;4.25;5.38;3.91;0.64;6.83;0.83;3.71;4.90;2.17;2.49;1.61;3.35;0.51;0.42;0.49;9.15;4.76;10.76;8.84;1.84;2
162834;4.29;5.38;3.57;0.67;7.01;0.81;3.74;4.87;2.29;2.49;1.53;2.74;0.51;0.42;0.48;9.15;4.76;10.76;8.84;1.75;2
162834;4.27;5.38;3.57;0.64;7.20;0.85;3.79;4.87;2.12;2.49;1.59;2.63;0.51;0.42;0.49;9.15;4.76;10.85;8.84;1.57;2
162835;4.31;5.37;3.65;0.64;7.01;0.81;3.71;4.87;2.17;2.49;1.57;2.74;0.56;0.42;0.48;9.35;4.81;10.95;8.84;1.66;2
162836;4.31;5.38;3.65;0.67;7.20;0.84;3.74;4.90;2.29;2.53;1.68;2.74;0.53;0.42;0.49;9.15;4.81;11.13;8.77;1.75;2
162837;4.32;5.38;3.57;0.64;7.01;0.85;3.71;4.90;2.23;2.71;1.66;2.86;0.51;0.42;0.48;9.45;4.76;10.85;8.77;1.75;2
162838;4.53;5.38;3.57;0.67;7.01;0.83;3.74;4.90;2.29;2.53;1.57;3.76;0.51;0.42;0.48;9.15;4.76;10.76;8.65;1.84;2
162839;4.55;5.38;3.57;0.67;7.57;0.84;3.77;4.84;2.23;2.53;1.76;2.63;0.51;0.42;0.49;9.25;4.86;10.85;8.77;1.84;2
162840;4.32;5.38;3.57;0.64;7.01;0.84;3.94;4.84;2.29;2.53;1.70;2.63;0.48;0.42;0.48;9.15;4.86;10.76;8.84;1.94;2
162841;4.53;5.39;3.57;0.67;7.20;0.83;3.74;4.87;2.29;2.53;1.61;2.63;0.53;0.41;0.49;9.25;4.97;10.85;8.84;1.94;2
162842;4.34;5.38;3.65;0.74;7.38;0.83;3.79;4.87;2.29;2.53;1.59;2.63;0.48;0.42;0.48;9.05;4.86;10.95;8.77;1.84;2
162843;4.36;5.38;3.65;0.67;7.20;0.87;3.77;4.80;2.53;2.53;1.59;2.63;0.51;0.41;0.48;9.15;4.81;10.85;8.71;1.75;2
162844;4.40;5.38;3.57;0.69;7.01;0.84;3.79;4.84;2.23;2.56;1.59;3.35;0.51;0.41;0.48;9.15;4.86;10.85;8.84;1.84;2
162845;4.40;5.38;3.57;0.69;7.01;0.84;3.77;4.80;2.29;2.67;1.70;2.63;0.48;0.41;0.48;9.15;4.81;10.95;8.71;1.75;2
162846;4.38;5.38;3.57;0.67;7.20;0.83;3.77;4.84;2.35;2.53;1.68;2.74;0.53;0.42;0.48;9.25;4.86;11.13;8.71;1.75;2
162847;4.42;5.38;3.57;0.69;7.20;0.81;3.85;4.77;2.29;2.56;1.59;2.63;0.53;0.43;0.48;9.45;4.92;10.95;8.84;1.84;2
162848;4.44;5.39;3.57;0.64;7.20;0.81;3.79;4.80;2.35;2.56;1.61;2.74;0.78;0.42;0.48;9.55;4.86;11.04;8.71;1.75;2
162849;4.50;5.38;3.57;0.69;7.38;0.83;3.74;4.77;2.23;2.56;1.74;3.76;0.51;0.41;0.48;9.45;4.92;10.95;8.71;1.84;2
162850;4.42;5.38;3.82;0.71;7.20;0.83;3.77;4.77;2.29;2.56;1.59;2.63;0.53;0.42;0.48;9.15;4.97;11.22;8.77;1.94;2
162851;4.42;5.39;3.65;0.67;7.01;0.85;3.77;4.77;2.35;2.53;1.72;2.74;0.71;0.42;0.48;9.15;4.97;11.04;8.65;1.84;2
162852;4.46;5.38;3.57;0.74;7.77;0.84;3.82;4.74;2.53;2.56;1.61;2.63;0.51;0.41;0.48;9.15;4.92;11.04;8.71;1.84;2
162853;4.46;5.38;3.82;0.69;7.57;0.84;3.74;4.77;2.29;2.56;1.61;2.63;0.53;0.41;0.48;9.25;4.86;11.04;8.84;1.94;2
162853;4.46;5.39;3.57;0.69;7.20;0.83;3.77;4.77;2.29;2.64;1.63;2.63;0.53;0.41;0.48;9.15;4.97;11.04;8.77;1.84;2
162854;4.51;5.39;3.57;0.67;7.38;0.87;3.77;4.74;2.47;2.56;1.61;3.35;0.48;0.41;0.48;9.15;4.92;11.04;8.71;1.84;2
162855;4.46;5.38;3.57;0.67;7.01;0.85;3.77;4.74;2.35;2.56;1.63;2.74;0.51;0.41;0.47;9.15;4.97;11.22;8.65;1.94;2
162856;4.51;5.38;3.57;0.77;7.20;0.85;3.79;4.74;2.35;2.56;1.61;2.74;0.51;0.41;0.47;9.15;4.97;11.13;8.77;1.84;2
162857;4.75;5.39;3.74;0.79;7.57;0.81;3.82;4.77;2.35;2.60;1.72;2.52;0.68;0.41;0.48;9.35;5.03;11.22;8.65;1.75;2
162858;4.51;5.38;3.57;0.71;7.38;0.81;3.79;4.77;2.65;2.56;1.70;3.35;0.62;0.41;0.47;9.15;5.03;11.13;8.71;1.84;2
162859;4.46;5.38;3.65;0.74;7.20;0.81;3.77;4.74;2.47;2.53;1.63;3.10;0.51;0.42;0.48;9.25;5.03;11.31;8.71;1.84;2
162900;4.50;5.39;3.57;0.69;7.38;0.83;3.77;4.77;2.71;2.56;1.61;2.63;0.53;0.41;0.48;9.15;5.03;11.41;8.65;1.75;2
162901;4.51;5.38;3.74;0.71;7.38;0.83;3.85;4.74;2.35;2.60;1.61;2.63;0.51;0.41;0.48;9.15;5.03;11.13;8.71;1.84;2
162902;4.53;5.39;3.57;0.74;7.38;0.83;3.79;4.71;2.41;2.64;1.61;2.63;0.51;0.41;0.47;9.25;5.03;11.22;8.65;1.84;2
162903;4.55;5.40;3.65;0.71;7.20;0.81;3.94;4.74;2.35;2.71;1.61;2.74;0.51;0.41;0.47;9.15;5.03;11.41;8.65;1.75;2
162904;4.53;5.40;3.57;0.69;7.77;0.81;3.79;4.71;2.35;2.74;1.63;2.74;0.53;0.41;0.48;9.35;5.03;11.04;8.65;1.84;2
162905;4.53;5.40;3.57;0.71;7.20;0.85;3.94;4.71;2.35;2.53;1.61;3.48;0.51;0.41;0.48;9.25;5.03;11.13;8.65;1.84;2
162906;4.55;5.40;3.65;0.71;7.01;0.84;3.74;4.68;2.35;2.56;1.63;2.52;0.53;0.41;0.48;9.25;4.97;11.31;8.71;1.75;2
162907;4.63;5.40;3.65;0.69;7.20;0.81;3.79;4.74;2.41;2.78;1.68;2.63;0.53;0.41;0.48;9.25;4.97;11.22;8.65;1.94;2
162908;4.57;5.39;3.57;0.71;7.77;0.80;3.82;4.71;2.35;2.60;1.72;2.63;0.51;0.41;0.47;9.35;4.97;11.22;8.65;1.75;2
162909;4.67;5.40;3.65;0.69;7.38;0.81;3.88;4.74;2.47;2.56;1.66;3.22;0.51;0.41;0.48;9.45;5.03;11.22;8.58;1.84;2
162910;4.53;5.39;3.57;0.69;7.20;0.84;3.97;4.96;2.41;2.56;1.61;2.63;0.51;0.40;0.48;9.25;5.03;11.22;8.58;1.84;2
162911;4.92;5.40;3.57;0.74;7.38;0.85;3.79;4.71;2.47;2.74;1.63;2.52;0.51;0.40;0.48;9.15;5.03;11.31;8.52;1.94;2
162912;4.53;5.39;3.57;0.69;7.01;0.81;3.82;4.74;2.65;2.56;1.63;2.63;0.53;0.40;0.48;9.15;5.03;11.22;8.58;1.75;2
162912;4.55;5.38;3.57;0.69;7.38;0.83;3.77;4.68;2.47;2.78;1.66;3.76;0.53;0.40;0.49;9.15;5.03;11.31;8.58;1.75;2
162913;4.55;5.39;3.65;0.69;7.57;0.81;3.79;4.68;2.41;2.64;1.63;2.63;0.51;0.40;0.48;9.15;5.08;11.41;8.58;1.84;2
162914;4.80;5.39;3.91;0.71;7.38;0.83;3.79;4.71;2.41;2.64;1.66;2.74;0.51;0.42;0.47;9.45;5.14;11.41;8.46;1.75;2
162915;4.57;5.40;3.57;0.69;7.57;0.81;3.79;4.65;2.47;2.64;1.63;3.22;0.59;0.41;0.47;9.35;5.14;11.41;8.58;1.75;2
162916;4.84;5.40;3.65;0.69;7.20;0.83;3.82;4.65;2.41;2.64;1.66;3.35;0.51;0.41;0.47;9.35;5.14;11.50;8.52;1.84;2
162917;4.57;5.40;3.57;0.71;7.20;0.83;3.79;4.65;2.47;2.60;1.66;2.74;0.51;0.40;0.48;9.35;5.14;11.41;8.52;1.75;2
162918;4.59;5.40;3.74;0.71;7.20;0.83;3.82;4.65;2.47;2.64;1.63;2.52;0.53;0.40;0.47;9.35;5.08;11.50;8.58;1.84;2
162919;4.67;5.40;3.57;0.71;7.38;0.83;3.79;4.68;2.53;2.64;1.76;2.63;0.53;0.40;0.47;9.25;5.08;11.59;8.52;1.75;2
162920;4.86;5.41;3.57;0.85;7.38;0.84;3.82;4.65;2.47;2.71;1.66;2.52;0.48;0.41;0.47;9.35;5.14;11.50;8.58;1.75;2
162921;4.73;5.40;3.57;0.69;7.20;0.83;3.94;4.80;2.53;2.64;1.91;2.74;0.51;0.41;0.48;9.25;5.25;11.41;8.58;1.75;2
162922;4.53;5.42;3.65;0.74;7.38;0.84;3.77;4.62;2.47;2.67;1.66;2.63;0.46;0.40;0.48;9.35;5.19;11.41;8.71;1.75;2
162923;4.92;5.42;3.65;0.77;7.38;0.81;3.77;4.68;2.53;2.71;1.68;2.63;0.51;0.42;0.47;9.15;5.14;11.50;8.65;1.84;2
162924;4.65;5.43;3.57;0.71;7.20;0.84;3.82;4.65;2.53;2.67;1.68;2.63;0.51;0.41;0.48;9.35;5.14;11.41;8.71;1.84;2
162925;4.63;5.43;3.57;0.79;7.77;0.84;3.79;4.87;2.53;2.71;1.70;2.63;0.78;0.41;0.48;9.25;5.14;11.50;8.58;1.75;2
162926;4.63;5.43;3.65;0.74;7.38;0.84;3.77;4.68;2.47;2.67;1.68;2.63;0.53;0.41;0.48;9.25;5.30;11.59;8.65;1.84;2
162927;4.65;5.42;3.65;0.74;7.38;0.83;3.85;4.71;2.53;2.64;1.66;2.63;0.51;0.41;0.48;9.25;5.19;11.41;8.65;1.84;2
162928;4.82;5.42;3.57;0.69;7.57;0.87;3.79;4.71;2.53;2.85;1.76;3.48;0.85;0.41;0.49;9.25;5.14;11.41;8.65;1.94;2
162929;4.82;5.43;3.65;0.71;7.38;0.83;3.79;4.74;2.59;2.64;1.66;2.86;0.62;0.41;0.47;9.35;5.25;11.41;8.58;1.84;2
162930;4.65;5.43;3.49;0.74;7.38;0.83;3.82;4.71;2.59;2.67;1.76;2.74;0.48;0.41;0.47;9.35;5.14;11.50;8.65;1.94;2
162931;4.65;5.43;3.57;0.71;7.38;0.81;3.82;4.71;2.59;2.74;1.70;2.63;0.51;0.41;0.48;9.35;5.25;11.41;8.71;1.75;2
162932;4.69;5.43;3.57;0.71;7.38;0.84;3.79;4.84;2.47;2.67;1.66;2.86;0.74;0.42;0.48;9.35;5.25;11.59;8.71;1.94;2
162932;4.65;5.44;3.57;0.77;7.38;0.84;3.79;4.74;2.47;2.71;1.68;2.63;0.53;0.40;0.47;9.15;5.25;11.78;8.65;1.84;2
162933;4.63;5.44;4.36;0.74;7.20;0.80;3.79;4.77;2.53;2.71;1.70;2.63;0.53;0.41;0.48;9.25;5.25;11.68;8.65;1.94;2
162934;4.63;5.44;3.65;0.74;7.20;0.83;3.79;4.74;2.91;2.71;1.82;2.63;0.65;0.41;0.47;9.25;5.19;11.50;8.65;1.94;2
162935;4.65;5.44;3.82;0.74;7.38;0.83;3.82;4.87;2.53;2.67;1.78;2.74;0.53;0.41;0.48;9.35;5.19;11.59;8.65;1.84;2
162936;4.65;5.44;3.65;0.74;8.37;0.84;3.79;4.74;2.59;2.71;1.68;2.63;0.65;0.41;0.48;9.15;5.25;11.59;8.71;1.94;2
162937;4.61;5.44;3.74;0.74;7.38;0.84;3.85;4.77;2.59;2.71;1.70;2.74;0.51;0.41;0.48;9.45;5.19;11.59;8.65;2.05;2
162938;4.61;5.45;3.65;0.77;7.57;0.81;3.79;4.71;2.59;2.71;1.68;2.63;0.53;0.40;0.47;9.25;5.25;11.59;8.65;1.94;2
162939;4.88;5.45;3.57;0.77;7.77;0.83;3.82;4.74;2.59;2.85;1.70;2.74;0.51;0.41;0.47;9.45;5.25;11.59;8.58;1.94;2
162940;4.61;5.43;3.57;0.74;7.38;0.83;3.77;4.74;2.53;2.85;1.66;2.63;0.53;0.40;0.48;9.35;5.41;11.50;8.58;1.94;2
162941;4.59;5.44;3.57;0.74;7.38;0.81;3.82;4.71;2.59;2.74;1.70;2.63;0.53;0.40;0.48;9.25;5.25;11.59;8.65;2.05;2
162942;4.57;5.45;3.65;0.74;7.38;0.83;3.79;4.68;2.65;2.74;1.72;2.63;0.51;0.41;0.48;9.35;5.36;11.59;8.65;1.94;2
162943;4.59;5.45;3.57;0.77;7.38;0.84;3.94;4.71;2.47;2.78;1.70;3.22;0.51;0.41;0.48;9.35;5.25;11.59;8.71;1.94;2
162944;4.61;5.44;3.65;0.74;7.77;0.84;3.88;4.74;2.53;2.71;1.72;3.48;0.48;0.40;0.48;9.45;5.36;11.68;8.65;2.05;2
162945;4.59;5.45;3.65;0.74;7.38;0.80;3.79;4.68;2.71;2.78;1.72;3.10;1.22;0.41;0.48;9.25;5.30;11.59;8.58;1.94;2
162946;4.57;5.45;3.57;0.79;7.38;0.83;3.88;4.71;2.59;2.71;1.70;3.48;0.78;0.40;0.48;9.55;5.36;11.78;8.58;2.16;2
162947;4.61;5.45;3.57;0.77;7.38;0.81;3.77;4.65;2.53;2.71;1.74;4.04;0.53;0.41;0.47;9.35;5.30;11.87;8.65;1.94;2
162948;4.63;5.45;3.65;0.79;7.38;0.81;3.82;4.77;2.65;2.89;1.72;2.74;0.62;0.40;0.47;9.15;5.30;11.78;8.71;2.05;2
162949;4.61;5.44;3.57;0.79;7.38;0.87;3.82;4.71;2.65;2.78;1.72;2.74;0.51;0.40;0.47;9.25;5.41;11.68;8.65;1.94;2
162950;4.90;5.45;3.57;0.91;7.38;0.84;3.85;4.68;2.65;2.74;1.70;2.63;0.48;0.41;0.48;9.45;5.36;11.68;8.58;2.05;2
162951;4.86;5.45;3.74;0.82;7.96;0.84;3.82;4.68;2.91;2.67;1.72;3.35;0.46;0.40;0.48;9.25;5.36;11.68;8.58;1.94;2
162951;5.05;5.45;3.57;0.77;8.16;0.80;3.82;4.68;2.59;2.89;1.72;2.74;0.48;0.40;0.48;9.35;5.36;11.87;8.65;2.05;2
162952;4.84;5.45;3.65;0.77;7.38;0.83;3.82;4.65;2.71;2.71;1.72;2.63;0.51;0.41;0.48;9.35;5.36;11.78;8.58;2.05;2
162953;4.69;5.46;3.57;0.77;7.96;0.81;3.82;4.68;2.65;2.74;1.74;3.48;0.51;0.40;0.47;9.35;5.47;11.78;8.58;2.05;2
162954;4.65;5.45;3.74;0.77;7.38;0.84;3.79;4.62;2.65;2.71;1.78;2.63;0.71;0.40;0.47;9.45;5.36;11.78;8.58;1.94;2
162955;4.84;5.44;3.57;0.74;7.57;0.81;3.88;4.65;2.59;2.92;1.70;3.35;0.53;0.40;0.48;9.35;5.47;11.78;8.58;1.94;2
162956;4.63;5.45;3.65;0.77;7.77;0.81;3.82;4.68;2.59;2.78;1.72;2.74;0.51;0.40;0.47;9.25;5.36;11.78;8.58;1.94;2
162957;4.65;5.45;3.65;0.79;7.57;0.83;3.97;4.62;2.59;2.71;1.76;2.52;0.51;0.40;0.48;9.25;5.36;11.78;8.58;2.05;2
162958;4.88;5.45;3.57;0.74;7.57;0.83;3.82;4.62;2.65;2.71;1.72;2.63;0.53;0.40;0.47;9.55;5.36;11.78;8.58;2.05;2
162959;4.69;5.46;3.57;0.74;7.38;0.84;3.85;4.62;2.65;2.74;1.68;2.63;0.51;0.40;0.47;9.35;5.41;11.87;8.71;2.16;2
163000;4.63;5.45;3.65;0.79;7.57;0.85;3.91;4.65;2.65;2.74;1.74;2.63;0.51;0.40;0.48;9.35;5.36;11.87;8.58;2.05;2
163001;4.63;5.45;3.91;0.77;7.57;0.81;3.82;4.65;2.59;2.74;1.72;2.63;0.56;0.40;0.48;9.45;5.36;11.96;8.58;2.16;2
163002;4.71;5.45;3.82;0.79;7.38;0.83;3.85;4.68;2.78;2.71;1.74;2.63;0.51;0.40;0.48;9.55;5.41;11.78;8.65;2.05;2
163003;4.63;5.45;3.49;0.77;7.57;0.84;3.88;4.65;2.98;2.74;1.70;2.63;0.51;0.40;0.47;9.55;5.41;11.87;8.52;2.05;2
163004;4.67;5.46;3.65;0.77;7.57;0.84;3.79;4.68;2.65;2.71;1.74;2.63;0.56;0.40;0.47;9.45;5.41;11.87;8.52;1.94;2
163005;4.65;5.45;3.65;0.77;7.77;0.83;3.85;4.65;2.71;2.74;1.76;2.74;0.48;0.40;0.47;9.35;5.36;11.87;8.58;2.05;2
163006;4.71;5.45;3.74;0.91;7.57;0.84;3.85;4.65;2.84;2.74;1.80;2.63;0.56;0.40;0.47;9.35;5.41;11.78;8.58;2.16;2
163007;4.63;5.46;3.65;0.85;7.57;0.84;3.85;4.65;2.65;2.74;1.72;2.74;0.51;0.40;0.47;9.35;5.53;11.78;8.58;2.05;2
163008;4.67;5.46;3.74;0.79;7.57;0.80;3.82;4.62;2.59;2.78;1.78;2.63;0.78;0.40;0.47;9.45;5.41;11.87;8.52;2.16;2
163009;4.80;5.46;3.57;0.77;7.57;0.85;3.85;4.65;2.71;2.71;1.74;2.63;0.53;0.39;0.48;9.45;5.53;11.87;8.52;2.05;2
163010;4.59;5.46;3.65;0.77;7.77;0.83;3.82;4.80;2.71;2.96;1.82;2.63;0.53;0.40;0.47;9.45;5.53;11.96;8.65;1.94;2
163011;4.73;5.47;3.65;0.74;7.57;0.83;3.85;4.65;2.59;2.78;1.80;2.63;0.56;0.40;0.47;9.25;5.41;11.96;8.58;1.94;2
163011;4.84;5.48;3.57;0.79;7.77;0.83;3.82;4.62;2.71;2.78;1.72;3.90;0.53;0.40;0.47;9.35;5.47;11.96;8.52;2.05;2
163012;4.65;5.47;3.57;0.77;7.57;0.81;3.79;4.65;2.65;2.78;1.70;2.63;0.48;0.40;0.47;9.35;5.36;11.87;8.58;2.05;2
163013;4.86;5.47;3.65;0.77;7.57;0.84;3.79;4.65;2.65;2.71;1.72;2.74;0.51;0.39;0.47;9.45;5.41;11.87;8.52;1.94;2
163014;4.69;5.48;3.65;0.79;7.77;0.83;3.82;4.65;2.71;2.78;1.78;2.63;0.51;0.39;0.47;9.35;5.53;12.06;8.65;2.05;2
163015;4.67;5.47;3.57;0.79;7.57;0.81;3.82;4.68;2.65;2.74;1.74;2.63;0.51;0.39;0.47;9.35;5.53;11.96;8.58;2.05;2
163016;4.67;5.49;3.65;0.79;7.77;0.81;3.82;4.62;2.98;2.85;1.74;2.63;0.53;0.39;0.47;9.86;5.47;11.87;8.58;1.94;2
163017;4.73;5.48;3.57;0.79;7.38;0.83;3.85;4.62;2.98;2.78;1.72;2.86;0.51;0.39;0.47;9.45;5.41;11.96;8.65;2.16;2
163018;4.69;5.48;3.74;0.85;7.77;0.81;3.82;4.68;2.71;2.78;1.72;2.63;0.81;0.40;0.48;9.45;5.47;12.06;8.58;2.05;2
163019;4.75;5.49;3.74;0.79;7.77;0.83;3.85;4.65;2.71;2.74;1.80;3.62;0.48;0.39;0.47;9.45;5.53;11.96;8.58;2.16;2
163020;4.73;5.49;3.57;0.82;7.57;0.83;3.82;4.65;2.71;2.78;1.82;2.74;0.48;0.39;0.48;9.35;5.53;12.06;8.58;1.94;2
163021;4.71;5.49;4.08;0.79;7.77;0.80;3.85;4.65;2.65;2.96;1.72;2.52;0.56;0.39;0.47;9.45;5.53;12.06;8.46;2.16;2
163022;4.73;5.49;3.57;0.79;7.96;0.84;3.88;4.68;2.71;2.78;1.76;2.63;0.51;0.39;0.47;9.45;5.59;12.06;8.58;2.16;2
163023;4.92;5.49;3.74;0.79;7.96;0.83;3.88;4.65;2.71;2.92;1.76;2.63;0.53;0.39;0.47;9.35;5.59;12.06;8.65;2.16;2
163024;4.78;5.49;3.74;0.77;7.77;0.83;3.94;4.65;2.71;2.78;1.74;2.63;0.53;0.40;0.47;9.35;5.59;12.06;8.52;1.94;2
163025;4.78;5.49;3.82;0.77;7.77;0.80;3.94;4.65;2.71;2.78;1.74;2.74;0.56;0.39;0.47;9.45;5.53;12.15;8.52;2.16;2
163026;4.75;5.50;3.65;0.79;7.77;0.83;3.91;4.65;2.78;2.78;1.89;2.52;0.68;0.40;0.48;9.35;5.53;12.15;8.58;2.16;2
163027;4.75;5.51;3.65;0.79;8.16;0.80;3.91;4.74;2.78;2.92;1.76;2.98;0.51;0.40;0.47;9.45;5.59;12.06;8.58;2.05;2
163028;4.92;5.50;3.57;0.79;7.57;0.81;3.88;4.65;2.71;2.82;1.74;2.52;0.51;0.39;0.47;9.45;5.53;12.06;8.52;2.05;2
163029;4.92;5.50;3.57;0.77;7.57;0.83;4.01;4.65;2.84;2.78;1.74;2.63;0.51;0.39;0.47;9.35;5.53;12.25;8.58;2.16;2
163030;4.94;5.50;3.57;0.79;8.16;0.84;3.88;4.62;2.78;2.78;1.84;2.74;0.51;0.39;0.47;9.35;5.59;12.15;8.52;2.05;2
163030;4.75;5.51;3.65;0.82;7.77;0.84;3.94;4.62;3.18;2.82;1.76;2.63;0.65;0.39;0.47;9.45;5.59;12.44;8.58;2.16;2
163031;4.99;5.51;3.65;0.82;7.96;0.81;3.91;4.71;2.78;2.82;1.76;2.52;0.53;0.40;0.47;9.35;5.59;12.25;8.58;2.16;2
163032;4.75;5.51;3.99;0.79;7.96;0.81;3.91;4.62;2.71;2.78;1.82;2.86;0.51;0.39;0.47;9.45;5.59;12.15;8.58;2.05;2
163033;4.75;5.51;3.57;0.79;7.77;0.85;3.94;4.65;2.78;3.00;1.78;2.52;0.51;0.39;0.47;9.86;5.59;12.25;8.52;2.05;2
163034;4.75;5.49;3.57;0.88;7.77;0.81;3.97;4.68;2.71;2.78;1.74;2.74;0.81;0.39;0.47;9.45;5.64;12.25;8.58;2.27;2
163035;4.75;5.51;3.57;0.79;7.57;0.84;3.91;4.68;2.78;2.89;1.82;2.63;0.51;0.39;0.47;9.45;5.64;12.15;8.58;2.16;2
163036;4.78;5.51;3.65;0.79;8.37;0.83;3.94;4.62;2.84;2.82;1.78;2.63;0.53;0.39;0.47;9.35;5.59;12.15;8.58;2.16;2
163037;4.80;5.51;3.57;0.79;7.57;0.84;3.91;4.71;2.84;2.82;1.76;2.63;0.68;0.39;0.47;9.55;5.70;12.15;8.52;2.16;2
163038;4.92;5.51;3.57;0.82;7.57;0.83;4.10;4.62;2.71;2.82;1.78;3.10;0.53;0.39;0.47;9.45;5.64;12.15;8.58;2.16;2
163039;4.80;5.51;3.65;0.79;8.37;0.83;3.94;4.65;2.78;2.82;1.78;2.63;0.51;0.39;0.47;9.35;5.59;12.34;8.58;2.05;2
163040;4.73;5.52;3.57;0.82;7.77;0.83;3.94;4.59;3.11;2.78;1.84;3.90;0.51;0.39;0.47;9.55;5.59;12.34;8.52;2.16;2
163041;4.92;5.51;3.65;0.82;7.57;0.84;3.97;4.65;3.18;2.82;1.76;2.63;0.51;0.39;0.47;9.45;5.59;12.25;8.65;2.27;2
163042;4.78;5.52;3.91;0.79;7.57;0.81;3.94;4.62;3.04;2.85;1.89;2.74;0.53;0.39;0.47;9.45;5.64;12.34;8.52;2.16;2
163043;4.75;5.51;3.65;0.82;7.96;0.84;3.91;4.62;2.78;2.85;1.76;3.22;0.53;0.39;0.47;9.55;5.70;12.25;8.65;2.39;2
163044;4.73;5.52;3.65;0.79;7.57;0.81;4.04;4.62;2.78;2.82;1.74;2.74;0.53;0.39;0.47;9.45;5.70;12.34;8.58;2.16;2
163045;4.73;5.51;3.57;0.85;7.96;0.81;3.97;4.56;2.91;2.82;1.80;2.63;0.51;0.40;0.47;9.45;5.64;12.34;8.52;2.16;2
163046;4.78;5.51;3.82;0.82;7.96;0.87;3.94;4.59;2.78;2.85;1.89;2.74;0.53;0.39;0.46;9.35;5.70;12.25;8.52;2.16;2
163047;4.80;5.51;3.65;0.79;7.77;0.83;3.94;4.71;2.84;2.78;1.78;2.86;0.51;0.40;0.47;9.35;5.64;12.34;8.52;2.27;2
163048;4.80;5.52;3.99;0.82;7.77;0.81;3.91;4.59;2.84;2.85;1.78;3.90;0.51;0.39;0.47;9.45;5.76;12.34;8.52;2.16;2
163049;4.82;5.52;3.65;0.82;7.96;0.83;3.97;4.59;2.84;2.85;1.82;2.74;0.51;0.39;0.46;9.55;5.70;12.34;8.46;2.16;2
163050;5.07;5.52;3.74;0.85;7.96;0.84;4.07;4.56;2.78;2.89;1.74;3.10;0.51;0.39;0.47;9.55;5.82;12.44;8.52;2.27;2
163050;4.80;5.52;3.65;0.85;7.77;0.85;3.91;4.56;2.84;2.82;1.80;2.63;0.53;0.38;0.47;9.55;5.70;12.44;8.52;2.05;2
163051;4.80;5.52;3.74;0.79;7.96;0.84;4.10;4.62;2.91;2.85;1.80;3.35;0.51;0.38;0.47;9.55;5.70;12.34;8.52;2.27;2
163052;4.78;5.53;3.65;0.85;8.16;0.81;4.01;4.53;2.78;2.82;1.84;2.63;0.48;0.38;0.47;9.45;5.76;12.34;8.46;2.16;2
163053;4.80;5.53;3.65;0.85;7.77;0.84;3.97;4.62;2.84;2.89;1.78;2.74;0.53;0.38;0.47;9.55;5.70;12.34;8.52;2.16;2
163054;4.86;5.53;3.65;0.85;8.37;0.81;3.94;4.62;2.91;2.85;1.80;4.50;0.51;0.38;0.47;9.55;5.70;12.34;8.52;2.05;2
163055;4.80;5.53;3.65;0.82;8.37;0.83;3.88;4.59;2.84;2.96;1.78;2.63;0.51;0.39;0.47;9.45;5.87;12.34;8.46;2.05;2
163056;4.80;5.53;3.65;0.82;7.77;0.83;3.97;4.56;2.91;2.89;1.78;2.74;0.51;0.39;0.47;9.96;5.70;12.44;8.52;2.05;2
163057;4.80;5.53;3.57;0.82;7.77;0.81;3.94;4.53;2.98;2.85;1.91;2.74;0.56;0.38;0.47;9.76;5.70;12.44;8.52;2.16;2
163058;4.80;5.51;3.74;0.79;8.16;0.83;3.94;4.56;2.91;2.89;1.78;2.74;0.51;0.38;0.47;9.96;5.70;12.34;8.46;2.16;2
163059;4.84;5.53;3.65;0.82;7.57;0.85;3.88;4.56;2.98;2.85;1.78;2.63;0.51;0.38;0.47;9.35;5.70;12.44;8.52;2.16;2
163100;4.82;5.52;3.65;0.85;7.77;0.83;3.91;4.50;2.91;2.85;1.80;2.63;0.53;0.38;0.47;9.45;5.82;12.44;8.46;2.27;2
163101;4.82;5.52;3.57;0.82;7.96;0.84;3.97;4.56;2.91;2.85;1.82;2.74;0.51;0.39;0.47;9.45;5.76;12.53;8.46;2.16;2
163102;4.84;5.53;3.65;0.85;7.77;0.83;3.94;4.53;2.91;2.89;1.82;2.74;0.53;0.38;0.47;9.55;5.87;12.44;8.58;2.27;2
163103;4.96;5.53;3.57;0.82;7.96;0.87;3.94;4.50;2.98;2.92;1.82;3.48;0.51;0.38;0.47;9.96;5.76;12.53;8.46;2.16;2
163104;4.82;5.53;3.74;0.79;7.77;0.80;4.01;4.62;3.25;3.04;1.82;3.35;0.48;0.38;0.47;9.35;5.82;12.44;8.46;2.16;2
163105;4.84;5.53;3.65;0.82;7.96;0.83;3.94;4.56;2.91;3.15;1.82;2.74;0.53;0.38;0.47;9.55;5.87;12.44;8.46;2.27;2
163106;4.84;5.54;3.82;0.85;8.16;0.83;3.94;4.56;2.98;2.96;1.91;2.63;0.51;0.39;0.47;9.45;5.82;12.53;8.46;2.05;2
163107;4.82;5.55;3.91;0.91;8.37;0.83;4.01;4.50;2.98;2.96;1.82;2.86;0.51;0.38;0.47;9.45;5.76;12.53;8.46;2.27;2
163108;4.82;5.54;3.65;0.85;8.37;0.83;4.04;4.50;3.18;2.96;1.84;3.90;0.51;0.38;0.46;9.76;5.87;12.53;8.46;2.05;2
163109;4.82;5.54;3.91;0.85;7.77;0.80;3.94;4.47;2.98;2.92;1.82;2.63;0.48;0.38;0.47;9.55;5.87;12.81;8.46;2.27;2
163109;4.94;5.53;3.57;0.88;7.96;0.83;3.91;4.53;2.98;2.96;1.82;2.63;0.53;0.38;0.47;9.55;5.82;12.62;8.39;2.16;2
163110;5.07;5.53;3.57;0.85;7.96;0.81;3.91;4.53;2.98;3.00;1.84;2.63;0.59;0.38;0.47;9.55;5.93;12.72;8.46;2.16;2
163111;5.05;5.54;3.82;0.85;7.77;0.81;4.01;4.56;3.04;2.92;1.82;2.63;0.51;0.38;0.47;9.45;5.82;12.62;8.52;2.16;2
163112;5.05;5.54;3.57;0.82;8.78;0.81;3.94;4.53;3.04;3.00;1.84;3.90;0.51;0.39;0.47;9.76;5.82;12.53;8.39;2.05;2
163113;4.86;5.54;3.65;0.85;7.57;0.83;3.91;4.50;2.98;2.92;1.97;3.35;0.51;0.38;0.47;9.55;5.87;12.62;8.46;2.16;2
163114;5.07;5.55;3.57;0.91;7.96;0.84;3.94;4.50;3.47;3.07;1.84;2.63;0.65;0.38;0.47;9.45;5.93;12.53;8.39;2.05;2
163115;4.84;5.55;3.65;0.85;7.77;0.84;3.91;4.50;3.04;3.18;1.87;2.63;0.51;0.38;0.47;9.55;5.93;12.53;8.46;2.16;2
163116;4.82;5.54;3.57;0.88;7.77;0.84;3.94;4.50;3.04;2.96;1.84;3.62;0.48;0.38;0.47;9.55;5.82;12.62;8.52;2.27;2
163117;4.86;5.56;3.57;0.85;8.16;0.81;3.91;4.50;3.11;2.96;1.84;2.74;0.53;0.38;0.46;9.55;6.05;12.53;8.52;2.27;2
163118;4.80;5.55;3.65;0.82;7.96;0.83;3.91;4.53;3.04;2.96;1.84;3.35;0.53;0.38;0.46;9.55;5.87;12.53;8.46;2.16;2
163119;4.84;5.54;3.82;0.97;7.77;0.85;3.91;4.50;3.11;2.96;1.84;2.63;0.51;0.38;0.46;9.65;5.87;12.72;8.46;2.39;2
163120;4.90;5.56;3.65;0.85;7.96;0.83;3.91;4.53;3.04;2.96;1.84;2.74;0.48;0.38;0.47;9.96;5.87;12.53;8.52;2.16;2
163121;4.88;5.55;3.57;0.85;7.96;0.81;3.94;4.53;3.11;3.00;1.84;2.74;0.51;0.38;0.47;9.55;5.87;12.62;8.52;2.27;2
163122;4.86;5.56;3.65;0.85;7.77;0.83;3.91;4.47;3.04;3.00;1.87;2.63;0.51;0.38;0.46;9.65;5.99;12.72;8.52;2.27;2
163123;4.96;5.55;3.57;0.82;7.77;0.83;3.91;4.50;3.04;2.92;1.87;2.63;0.53;0.38;0.47;9.76;5.93;12.62;8.46;2.39;2
163124;4.84;5.56;3.65;0.88;7.96;0.81;3.94;4.50;3.04;2.96;1.84;2.63;0.71;0.39;0.47;9.55;5.82;12.62;8.52;2.27;2
163125;4.90;5.55;3.57;0.88;7.77;0.81;4.04;4.47;3.11;3.00;1.87;3.62;0.85;0.38;0.47;9.55;5.99;12.62;8.39;2.27;2
163126;4.88;5.55;3.74;0.85;8.16;0.84;3.97;4.50;3.04;2.96;1.87;3.48;0.53;0.38;0.46;9.76;5.93;12.62;8.46;2.27;2
163127;4.88;5.55;3.74;0.85;7.96;0.81;4.07;4.47;2.98;3.15;1.87;2.63;0.48;0.37;0.47;9.55;5.93;12.62;8.46;2.39;2
163128;4.84;5.55;3.57;0.85;7.77;0.83;3.88;4.47;3.11;2.96;1.87;2.63;0.51;0.38;0.46;9.55;5.93;12.72;8.46;2.27;2
163128;4.80;5.55;3.57;0.85;8.16;0.80;4.19;4.44;3.40;3.00;1.87;2.63;0.74;0.38;0.46;9.86;5.93;12.72;8.46;2.27;2
163129;4.86;5.55;3.57;0.82;7.96;0.83;3.91;4.44;3.11;3.15;1.87;2.74;0.51;0.37;0.46;9.55;5.93;12.72;8.46;2.27;2
163130;5.09;5.55;3.65;0.82;8.16;0.80;3.94;4.44;3.18;3.00;1.87;2.63;0.53;0.37;0.46;9.55;5.99;12.72;8.39;2.27;2
163131;4.90;5.55;4.08;0.88;7.96;0.81;3.94;4.47;3.04;3.00;1.84;2.63;0.53;0.37;0.46;9.55;5.93;12.81;8.39;2.16;2
163132;4.88;5.55;3.74;0.88;8.57;0.81;3.91;4.44;3.04;3.18;1.87;2.63;0.51;0.37;0.46;9.55;5.87;12.81;8.39;2.16;2
163133;4.90;5.56;3.74;0.85;8.37;0.81;4.04;4.41;3.11;2.96;1.87;4.19;0.59;0.37;0.46;9.86;5.99;12.72;8.39;2.39;2
163134;4.90;5.56;3.65;0.85;8.16;0.85;4.04;4.44;3.11;2.96;1.87;2.63;0.51;0.37;0.46;9.55;5.93;12.81;8.46;2.16;2
163135;4.84;5.56;3.65;0.88;8.16;0.81;3.91;4.47;3.33;2.96;1.89;2.74;0.59;0.38;0.47;9.65;5.87;12.62;8.39;2.16;2
163709;4.19;5.27;3.65;0.65;7.28;0.82;3.66;4.68;2.12;2.37;1.53;2.54;0.55;0.42;0.49;9.15;4.84;10.56;8.82;1.78;3
163710;4.26;5.27;3.65;0.62;6.73;0.79;3.75;4.95;1.98;2.37;1.53;2.65;0.55;0.42;0.49;8.93;4.59;10.70;8.73;1.65;3
163711;4.26;5.27;3.65;0.58;6.73;0.81;3.60;4.75;2.05;2.37;1.53;2.65;0.55;0.41;0.49;9.15;4.67;10.70;8.90;1.65;3
163712;4.24;5.27;3.57;0.58;6.73;0.81;3.60;4.68;2.12;2.42;1.53;2.65;0.55;0.42;0.49;9.04;4.59;10.70;8.82;1.65;3
163713;4.26;5.27;3.65;0.56;6.91;0.81;3.63;4.81;1.98;2.37;1.53;2.54;0.70;0.42;0.49;8.93;4.67;10.84;8.90;1.65;3
163714;4.46;5.27;3.57;0.58;6.91;0.81;3.60;4.75;2.05;2.37;1.53;2.65;0.55;0.41;0.49;9.26;4.84;10.56;8.82;1.53;3
163715;4.24;5.28;3.65;0.58;6.73;0.82;3.75;4.75;1.98;2.37;1.64;3.51;0.55;0.41;0.48;8.93;4.67;10.56;8.73;1.65;3
163716;4.26;5.27;4.08;0.58;6.73;0.82;3.63;4.68;1.91;2.37;1.70;2.65;0.53;0.41;0.48;9.15;4.67;10.42;8.82;1.53;3
163717;4.24;5.26;3.65;0.58;6.73;0.83;3.60;4.68;2.05;2.37;1.53;2.77;0.64;0.40;0.48;8.93;4.59;10.84;8.90;1.65;3
163718;4.36;5.27;3.49;0.54;6.73;0.83;3.57;4.75;2.05;2.37;1.53;2.54;0.53;0.40;0.48;8.83;4.67;10.56;8.73;1.53;3
163719;4.24;5.26;3.57;0.58;6.73;0.82;3.78;4.68;2.05;2.37;1.51;2.54;0.53;0.41;0.48;8.93;4.67;10.56;8.90;1.53;3
163720;4.46;5.27;3.57;0.58;6.73;0.81;3.60;4.68;2.05;2.60;1.67;2.65;0.50;0.40;0.48;8.72;4.59;10.70;8.73;1.42;3
163721;4.49;5.26;3.49;0.56;6.91;0.82;3.60;4.68;2.05;2.65;1.53;3.12;0.55;0.40;0.47;8.93;4.51;10.70;8.82;1.53;3
163722;4.22;5.26;3.73;0.56;6.73;0.84;3.60;4.68;2.34;2.37;1.53;3.51;0.55;0.41;0.48;8.83;4.59;10.42;8.90;1.65;3
163723;4.19;5.26;3.49;0.58;6.73;0.82;3.57;4.75;2.05;2.37;1.59;2.54;0.55;0.40;0.47;8.83;4.59;10.84;8.90;1.65;3
163724;4.24;5.26;3.49;0.58;6.73;0.83;3.57;4.61;2.05;2.37;1.51;2.65;0.55;0.41;0.48;8.93;4.59;10.56;8.82;1.53;3
163725;4.22;5.26;3.82;0.54;7.66;0.81;3.54;4.68;1.98;2.37;1.53;2.65;0.53;0.39;0.47;8.93;4.67;10.70;8.73;1.65;3
163726;4.26;5.26;3.65;0.54;6.73;0.82;3.60;4.68;1.98;2.33;1.53;2.65;0.55;0.40;0.47;8.83;4.59;10.84;8.82;1.42;3
163727;4.20;5.25;3.57;0.58;6.73;0.79;3.57;4.68;1.84;2.33;1.64;2.65;0.55;0.40;0.47;8.83;4.59;10.42;8.82;1.42;3
163728;4.22;5.25;3.65;0.56;7.28;0.82;3.60;4.55;1.98;2.33;1.53;2.44;0.50;0.39;0.47;8.83;4.51;10.70;8.73;1.42;3
163728;4.22;5.25;3.49;0.56;6.73;0.82;3.60;4.68;1.84;2.33;1.51;2.54;0.64;0.39;0.47;8.72;4.76;10.42;8.73;1.42;3
163729;4.20;5.24;3.65;0.56;6.38;0.81;3.54;4.68;1.98;2.33;1.48;2.65;0.84;0.39;0.47;8.83;4.59;10.56;8.73;1.53;3
163730;4.26;5.25;3.90;0.56;6.56;0.82;3.57;4.61;1.98;2.24;1.51;2.77;0.53;0.39;0.47;8.72;4.59;10.70;8.73;1.32;3
163731;4.30;5.24;3.49;0.56;6.73;0.79;3.54;4.95;1.91;2.28;1.53;2.65;0.67;0.39;0.47;8.83;4.51;10.56;8.64;1.42;3
163732;4.20;5.24;3.99;0.52;6.73;0.81;3.57;4.61;1.98;2.24;1.51;2.65;0.67;0.39;0.47;8.72;4.76;10.84;8.73;1.32;3
163733;4.20;5.25;3.65;0.62;6.73;0.78;3.54;4.75;1.98;2.28;1.51;2.54;0.55;0.39;0.47;8.72;4.51;10.42;8.90;1.42;3
163734;4.24;5.25;3.73;0.54;7.10;0.79;3.54;4.55;2.12;2.28;1.64;2.65;0.55;0.39;0.46;8.72;4.51;10.56;8.64;1.53;3
163735;4.20;5.25;3.65;0.54;6.73;0.79;3.54;4.68;1.98;2.28;1.48;2.44;0.53;0.39;0.46;8.72;4.51;10.42;8.73;1.42;3
163736;4.20;5.24;3.57;0.52;6.56;0.78;3.54;4.55;2.05;2.33;1.51;2.65;0.55;0.39;0.46;8.83;4.76;10.42;8.73;1.42;3
163737;4.19;5.24;3.82;0.52;6.73;0.79;3.51;4.61;1.91;2.46;1.53;2.54;0.55;0.40;0.46;8.72;4.59;10.42;8.82;1.32;3
163738;4.13;5.24;3.57;0.52;6.73;0.77;3.60;4.61;1.98;2.33;1.53;2.44;0.55;0.39;0.47;8.72;4.59;10.42;8.73;1.42;3
163739;4.24;5.24;3.65;0.60;6.38;0.81;3.57;4.55;1.84;2.56;1.48;2.54;0.55;0.39;0.46;8.61;4.51;10.56;8.64;1.32;3
163740;4.17;5.24;3.57;0.52;6.56;0.78;3.51;4.55;1.98;2.19;1.51;2.65;0.84;0.39;0.46;8.93;4.51;10.42;8.64;1.32;3
163741;4.38;5.24;3.49;0.58;6.56;0.78;3.54;4.55;1.91;2.28;1.62;2.65;0.53;0.38;0.46;9.04;4.67;10.42;8.73;1.32;3
163742;4.22;5.23;3.49;0.52;6.91;0.78;3.57;4.55;1.98;2.24;1.48;2.54;0.55;0.38;0.46;8.72;4.51;10.42;8.64;1.32;3
163743;4.20;5.23;3.99;0.54;6.38;0.78;3.54;4.48;1.98;2.19;1.48;2.65;0.50;0.40;0.46;8.61;4.51;10.42;8.64;1.22;3
163744;4.20;5.23;3.49;0.50;6.38;0.78;3.51;4.55;1.84;2.28;1.51;2.54;0.55;0.39;0.46;8.61;4.51;10.42;8.73;1.42;3
163745;4.36;5.23;3.65;0.52;6.56;0.78;3.57;4.55;1.84;2.19;1.45;3.78;0.55;0.39;0.46;8.93;4.51;10.42;8.64;1.32;3
163746;4.19;5.24;3.57;0.58;7.10;0.76;3.54;4.55;1.91;2.19;1.45;2.54;0.53;0.38;0.46;8.61;4.51;10.84;8.73;1.42;3
163747;4.20;5.23;3.73;0.52;6.56;0.77;3.57;4.88;1.77;2.33;1.45;2.65;0.55;0.38;0.46;8.61;4.51;10.70;8.73;1.32;3
163748;4.38;5.23;3.49;0.56;7.10;0.78;3.48;4.61;1.98;2.33;1.48;2.54;0.53;0.38;0.46;8.61;4.51;10.70;8.64;1.32;3
163748;4.19;5.22;3.73;0.52;6.56;0.81;3.51;4.55;1.98;2.51;1.45;2.54;0.50;0.38;0.45;8.61;4.51;10.27;8.73;1.42;3
163749;4.15;5.22;3.65;0.56;6.56;0.81;3.54;4.55;2.34;2.19;1.56;2.54;0.55;0.38;0.45;8.72;4.59;10.27;8.64;1.32;3
163750;4.13;5.22;3.65;0.52;6.56;0.81;3.63;4.55;1.91;2.70;1.43;2.65;0.55;0.39;0.45;8.61;4.51;10.70;8.64;1.32;3
163751;4.15;5.23;3.49;0.50;6.56;0.81;3.51;4.55;2.12;2.19;1.48;2.44;0.53;0.38;0.45;8.72;4.59;10.42;8.73;1.32;3
163752;4.20;5.22;3.49;0.54;6.38;0.78;3.48;4.55;1.84;2.33;1.48;2.44;0.53;0.37;0.45;8.61;4.51;10.56;8.64;1.42;3
163753;4.17;5.22;3.49;0.58;6.38;0.79;3.46;4.48;1.77;2.28;1.43;2.65;0.53;0.39;0.46;8.61;4.51;10.42;8.73;1.22;3
163754;4.34;5.22;3.49;0.52;6.73;0.76;3.48;4.48;1.77;2.28;1.43;2.65;0.58;0.37;0.45;8.61;4.51;10.42;8.64;1.32;3
163755;4.32;5.22;3.65;0.50;6.38;0.77;3.51;4.55;1.77;2.46;1.48;2.54;0.53;0.37;0.45;8.61;4.43;10.42;8.73;1.32;3
163756;4.17;5.22;3.49;0.48;6.38;0.78;3.46;4.55;1.77;2.28;1.45;2.54;0.55;0.38;0.45;8.61;4.51;10.27;8.73;1.22;3
163757;4.17;5.22;3.57;0.50;6.38;0.77;3.48;4.81;1.84;2.24;1.45;2.54;0.55;0.37;0.45;8.61;4.43;10.27;8.64;1.22;3
163758;4.34;5.22;3.57;0.50;6.56;0.79;3.48;4.81;1.91;2.19;1.59;2.54;0.55;0.38;0.45;8.61;4.51;10.27;8.73;1.32;3
163759;4.17;5.23;3.57;0.52;7.28;0.78;3.48;4.42;1.77;2.28;1.45;3.12;0.53;0.37;0.45;8.51;4.43;10.42;8.64;1.42;3
163800;4.38;5.22;3.57;0.50;6.56;0.77;3.51;4.55;1.84;2.19;1.62;2.65;0.53;0.37;0.45;8.61;4.51;10.27;8.82;1.22;3
163801;4.20;5.22;3.49;0.50;6.56;0.78;3.48;4.55;1.84;2.24;1.48;3.65;0.53;0.38;0.45;8.51;4.43;10.42;8.82;1.32;3
163802;4.38;5.23;3.49;0.46;6.38;0.78;3.48;4.61;2.19;2.33;1.45;3.00;0.53;0.38;0.45;8.72;4.43;10.42;8.64;1.32;3
163803;4.20;5.21;3.57;0.50;6.38;0.77;3.46;4.42;1.77;2.42;1.45;2.54;0.55;0.37;0.45;8.72;4.43;10.27;8.82;1.22;3
163804;4.20;5.22;3.49;0.48;6.56;0.76;3.46;4.61;1.77;2.24;1.48;2.44;0.55;0.37;0.45;8.61;4.43;10.13;8.82;1.22;3
163805;4.17;5.22;3.65;0.50;6.38;0.77;3.40;4.55;1.84;2.24;1.43;2.65;0.50;0.37;0.45;8.51;4.35;10.27;8.73;1.32;3
163806;4.17;5.22;3.49;0.50;6.38;0.77;3.46;4.48;1.77;2.15;1.45;2.54;0.53;0.37;0.45;8.93;4.43;10.42;8.82;1.32;3
163807;4.40;5.21;3.57;0.50;6.56;0.77;3.51;4.48;1.77;2.15;1.53;2.65;0.61;0.37;0.45;8.51;4.43;10.42;8.73;1.42;3
163807;4.11;5.21;3.65;0.50;6.56;0.79;3.46;4.68;1.77;2.28;1.45;2.65;0.55;0.38;0.45;8.51;4.59;10.42;8.73;1.42;3
163808;4.13;5.21;3.49;0.48;6.38;0.75;3.46;4.88;1.71;2.24;1.48;2.65;0.55;0.37;0.46;8.51;4.43;10.27;8.73;1.22;3
163809;4.13;5.21;3.57;0.50;6.38;0.79;3.43;4.42;1.77;2.28;1.43;2.54;0.55;0.38;0.46;8.51;4.51;10.70;8.82;1.22;3
163810;4.15;5.21;3.49;0.50;6.91;0.78;3.48;4.75;1.84;2.24;1.51;2.65;0.55;0.37;0.45;8.51;4.51;10.56;8.90;1.42;3
163811;4.15;5.21;3.57;0.48;6.56;0.77;3.40;4.55;1.77;2.15;1.43;2.54;0.53;0.37;0.45;8.51;4.51;10.27;8.82;1.32;3
163812;4.30;5.21;3.49;0.54;6.56;0.78;3.57;4.48;1.77;2.19;1.45;2.54;0.55;0.37;0.45;8.51;4.43;10.27;8.73;1.42;3
163813;4.22;5.21;3.49;0.52;6.56;0.76;3.43;4.48;1.91;2.19;1.43;2.54;0.48;0.38;0.45;8.51;4.59;10.27;8.73;1.32;3
163814;4.09;5.20;3.73;0.48;6.38;0.77;3.46;4.48;1.84;2.15;1.48;3.25;0.53;0.37;0.45;8.51;4.35;10.42;8.82;1.22;3
163815;4.11;5.21;3.49;0.48;6.56;0.75;3.43;4.61;1.71;2.15;1.45;3.25;0.53;0.37;0.44;8.83;4.43;10.56;8.82;1.22;3
163816;4.19;5.21;3.49;0.50;6.56;0.77;3.40;4.55;1.77;2.33;1.59;2.54;0.64;0.37;0.44;8.40;4.35;10.70;8.82;1.32;3
163817;4.15;5.20;3.57;0.48;6.91;0.76;3.54;4.55;1.71;2.10;1.40;2.54;0.61;0.37;0.45;8.61;4.51;10.13;8.73;1.42;3
163818;4.36;5.20;3.49;0.46;6.56;0.77;3.60;4.42;1.77;2.24;1.43;2.54;0.50;0.37;0.44;8.40;4.43;10.42;8.73;1.22;3
163819;4.15;5.20;3.57;0.50;6.38;0.76;3.40;4.55;2.12;2.19;1.40;3.38;0.53;0.37;0.44;8.51;4.35;10.13;8.73;1.32;3
163820;4.20;5.21;3.41;0.46;6.38;0.77;3.37;4.48;1.77;2.19;1.43;2.54;0.55;0.37;0.44;8.51;4.43;10.27;8.73;1.32;3
163821;4.09;5.20;3.90;0.46;6.38;0.77;3.43;4.55;1.77;2.15;1.43;2.65;0.55;0.37;0.44;8.40;4.35;10.42;8.73;1.22;3
163822;4.15;5.20;3.57;0.46;6.38;0.75;3.40;4.48;1.71;2.15;1.43;2.44;0.53;0.37;0.44;8.30;4.35;10.56;8.64;1.32;3
163823;4.07;5.20;3.57;0.46;6.56;0.77;3.37;4.42;1.77;2.15;1.43;3.25;0.53;0.37;0.44;8.51;4.35;10.27;8.82;1.22;3
163824;4.11;5.20;3.57;0.48;6.21;0.77;3.43;4.48;2.27;2.19;1.43;2.77;0.50;0.37;0.44;8.40;4.35;10.27;8.73;1.32;3
163825;4.09;5.20;3.49;0.48;6.38;0.77;3.37;4.48;1.77;2.37;1.43;3.78;0.55;0.37;0.44;8.40;4.35;10.13;8.90;1.22;3
163826;4.11;5.20;3.57;0.48;6.38;0.76;3.48;4.61;1.98;2.10;1.43;2.65;0.55;0.37;0.44;8.40;4.35;10.56;8.82;1.32;3
163827;4.11;5.20;3.49;0.48;6.38;0.78;3.40;4.55;1.71;2.19;1.40;2.54;0.55;0.37;0.44;8.40;4.35;10.27;8.82;1.22;3
163827;4.11;5.19;3.41;0.46;6.21;0.77;3.34;4.55;1.71;2.37;1.37;2.54;0.55;0.37;0.44;8.51;4.35;10.13;8.73;1.32;3
163828;4.11;5.20;4.08;0.56;6.38;0.77;3.37;4.48;2.12;2.19;1.40;2.65;0.53;0.39;0.44;8.51;4.43;10.13;8.82;1.22;3
163829;4.09;5.20;4.08;0.48;6.38;0.78;3.40;4.42;1.71;2.24;1.53;2.65;0.58;0.37;0.44;8.40;4.27;10.56;8.73;1.22;3
163830;4.13;5.20;3.57;0.46;6.38;0.77;3.37;4.55;1.77;2.10;1.40;2.65;0.55;0.37;0.44;8.51;4.43;10.13;8.73;1.22;3
163831;4.01;5.19;3.57;0.46;6.73;0.78;3.48;4.48;1.71;2.15;1.43;2.65;0.55;0.36;0.43;8.40;4.59;10.13;8.82;1.22;3
163832;4.13;5.19;3.41;0.45;6.21;0.77;3.34;4.48;1.64;2.10;1.37;2.65;0.53;0.36;0.44;8.51;4.43;10.27;8.73;1.22;3
163833;4.13;5.19;3.49;0.46;6.38;0.76;3.37;4.68;1.64;2.42;1.43;2.65;0.55;0.36;0.44;8.40;4.43;10.13;8.73;1.13;3
163834;4.05;5.19;3.57;0.48;6.38;0.75;3.34;4.48;1.77;2.24;1.43;2.65;0.53;0.36;0.43;8.40;4.43;10.13;8.90;1.42;3
163835;4.09;5.19;3.49;0.48;6.04;0.79;3.37;4.48;1.64;2.15;1.37;2.65;0.55;0.37;0.43;8.40;4.35;10.27;8.82;1.22;3
163836;4.15;5.19;3.57;0.45;6.04;0.75;3.37;4.42;2.05;2.10;1.40;2.65;0.67;0.36;0.44;8.40;4.51;10.27;8.73;1.22;3
163837;4.19;5.19;3.41;0.45;6.38;0.78;3.37;4.48;1.71;2.10;1.53;2.65;0.55;0.35;0.43;8.30;4.43;10.13;8.73;1.13;3
163838;4.19;5.19;3.57;0.46;6.38;0.79;3.34;4.55;1.64;2.15;1.43;3.51;0.53;0.36;0.43;8.51;4.43;10.13;8.73;1.22;3
163839;4.17;5.19;3.49;0.46;6.21;0.76;3.40;4.48;1.64;2.15;1.40;2.54;0.55;0.36;0.44;8.61;4.35;10.27;8.73;1.04;3
163840;4.15;5.19;3.49;0.46;6.21;0.78;3.34;4.48;1.71;2.15;1.40;2.65;0.53;0.36;0.43;8.61;4.35;10.13;8.64;1.13;3
163841;4.11;5.19;3.57;0.50;6.38;0.75;3.34;4.42;1.71;2.19;1.37;2.54;0.50;0.35;0.43;8.40;4.35;10.13;8.82;1.13;3
163842;4.13;5.18;3.49;0.46;6.21;0.77;3.40;4.48;1.71;2.06;1.45;2.77;0.53;0.36;0.43;8.30;4.43;10.13;8.64;1.04;3
163843;4.32;5.19;3.65;0.46;6.38;0.77;3.40;4.42;1.64;2.42;1.40;2.65;0.70;0.35;0.43;8.40;4.59;10.42;8.82;1.04;3
163844;4.13;5.19;3.65;0.48;6.38;0.76;3.37;4.48;1.64;2.15;1.40;2.65;0.55;0.35;0.43;8.30;4.35;10.42;8.82;1.13;3
163845;4.13;5.19;3.99;0.46;6.38;0.76;3.37;4.48;1.71;2.10;1.35;2.54;0.50;0.35;0.43;8.40;4.35;10.13;8.73;1.13;3
163846;4.01;5.18;3.57;0.45;6.21;0.75;3.37;4.42;1.77;2.06;1.37;2.54;0.53;0.36;0.43;8.40;4.43;10.27;8.64;1.13;3
163847;4.03;5.17;3.57;0.46;6.38;0.77;3.34;4.42;1.64;2.10;1.37;2.65;0.53;0.35;0.43;8.40;4.43;10.27;8.64;1.22;3
163847;4.00;5.17;3.57;0.46;6.38;0.77;3.48;4.36;1.84;2.10;1.35;2.65;0.55;0.36;0.43;8.30;4.51;10.13;8.73;1.13;3
163848;4.07;5.17;3.57;0.48;6.38;0.76;3.31;4.42;1.64;2.10;1.37;3.12;0.55;0.35;0.42;8.19;4.35;10.13;8.64;1.13;3
163849;4.01;5.18;3.49;0.46;6.04;0.78;3.34;4.42;1.77;2.15;1.48;2.65;0.53;0.35;0.42;8.40;4.43;10.27;8.55;1.13;3
163850;4.05;5.18;3.49;0.46;6.38;0.76;3.34;4.55;1.58;2.15;1.40;3.12;0.55;0.35;0.42;8.30;4.35;9.99;8.64;1.04;3
163851;4.01;5.18;3.49;0.48;6.21;0.76;3.48;4.42;1.58;2.28;1.37;2.54;0.58;0.37;0.42;8.40;4.35;10.13;8.64;1.13;3
163852;3.94;5.18;3.57;0.48;6.38;0.75;3.31;4.48;1.64;2.10;1.40;2.65;0.55;0.35;0.43;8.19;4.35;10.56;8.64;1.13;3
163853;3.94;5.17;3.57;0.58;6.21;0.77;3.31;4.42;1.71;2.10;1.37;2.54;0.53;0.37;0.42;8.30;4.59;10.42;8.73;1.13;3
163854;4.00;5.17;3.57;0.56;6.04;0.76;3.46;4.42;1.71;2.10;1.37;3.12;0.55;0.35;0.42;8.30;4.35;10.27;8.64;1.04;3
163855;4.20;5.17;3.57;0.48;6.38;0.75;3.37;4.36;1.71;2.10;1.40;2.65;0.50;0.35;0.42;8.30;4.35;10.13;8.55;1.04;3
163856;4.07;5.18;3.49;0.48;6.73;0.75;3.34;4.42;1.58;2.10;1.35;2.65;0.53;0.35;0.42;8.30;4.35;10.13;8.55;1.13;3
163857;4.00;5.17;3.65;0.48;6.21;0.78;3.31;4.75;1.58;2.10;1.35;2.65;0.55;0.35;0.43;8.40;4.43;10.13;8.55;1.22;3
163858;4.01;5.17;3.49;0.46;6.38;0.75;3.31;4.42;1.98;2.10;1.37;2.54;0.55;0.35;0.42;8.19;4.43;10.13;8.73;1.22;3
163859;3.92;5.17;3.49;0.48;6.38;0.75;3.31;4.61;1.77;2.06;1.40;2.54;0.61;0.35;0.42;8.30;4.43;10.13;8.73;1.04;3
163900;3.96;5.17;3.73;0.45;6.04;0.77;3.26;4.42;1.64;2.24;1.37;2.65;0.53;0.35;0.41;8.30;4.43;10.13;8.73;1.04;3
163901;3.98;5.16;3.57;0.45;6.21;0.77;3.34;4.36;1.71;2.19;1.37;2.65;0.53;0.35;0.42;8.30;4.35;10.13;8.64;1.13;3
163902;4.19;5.17;3.57;0.45;6.21;0.77;3.31;4.48;1.52;2.06;1.37;3.51;0.50;0.36;0.41;8.30;4.35;10.13;8.55;1.04;3
163903;4.19;5.16;3.65;0.45;6.38;0.76;3.31;4.29;1.64;2.06;1.35;3.12;0.53;0.35;0.42;8.30;4.43;10.13;8.73;1.04;3
163904;4.15;5.16;3.65;0.45;6.56;0.75;3.31;4.36;1.52;2.01;1.35;2.65;0.55;0.35;0.42;8.51;4.35;9.99;8.64;1.04;3
163905;3.96;5.16;3.49;0.58;6.21;0.77;3.31;4.42;1.64;2.10;1.37;2.65;0.53;0.35;0.42;8.19;4.35;9.99;8.73;0.96;3
163906;4.00;5.17;3.65;0.45;6.56;0.76;3.29;4.29;1.98;2.06;1.35;2.54;0.55;0.35;0.42;8.30;4.51;10.27;8.64;1.04;3
163907;3.90;5.16;3.65;0.45;6.38;0.74;3.29;4.42;1.58;2.28;1.35;3.00;0.53;0.35;0.41;8.30;4.35;10.27;8.64;1.04;3
163907;4.00;5.16;3.57;0.46;6.21;0.76;3.31;4.42;1.58;2.10;1.37;3.12;0.55;0.34;0.41;8.30;4.35;9.99;8.55;1.04;3
163908;4.00;5.15;3.57;0.50;6.04;0.76;3.26;4.36;1.64;2.06;1.51;2.65;0.55;0.36;0.42;8.19;4.35;10.56;8.64;0.96;3
163909;4.00;5.16;3.57;0.45;6.38;0.76;3.29;4.36;1.84;2.19;1.37;2.65;0.55;0.36;0.41;8.30;4.35;10.13;8.55;1.04;3
163910;4.00;5.15;3.57;0.46;6.04;0.76;3.26;4.36;1.64;2.06;1.35;3.25;0.53;0.35;0.41;8.30;4.35;10.42;8.64;0.96;3
163911;4.01;5.15;3.57;0.46;6.21;0.75;3.26;4.61;1.52;2.06;1.37;3.51;0.88;0.35;0.41;8.19;4.35;10.27;8.55;0.89;3
163912;3.96;5.15;3.57;0.45;6.21;0.76;3.29;4.29;1.58;2.10;1.35;2.65;0.53;0.35;0.41;8.19;4.35;10.13;8.64;0.96;3
163913;4.09;5.16;3.57;0.48;6.21;0.76;3.29;4.29;1.52;2.01;1.37;2.65;0.81;0.35;0.41;8.19;4.27;10.56;8.64;1.04;3
163914;3.81;5.16;3.41;0.45;6.21;0.76;3.26;4.42;1.58;2.06;1.32;2.54;0.55;0.35;0.41;8.19;4.27;10.13;8.64;1.04;3
163915;3.83;5.15;3.41;0.43;6.21;0.75;3.31;4.42;1.52;2.06;1.37;2.44;0.55;0.35;0.41;8.30;4.35;10.13;8.55;0.96;3
163916;3.81;5.16;3.57;0.46;6.21;0.74;3.31;4.42;2.34;2.06;1.32;3.25;0.53;0.34;0.41;8.30;4.27;10.13;8.64;1.04;3
163917;3.85;5.15;3.65;0.45;6.21;0.76;3.26;4.36;1.52;2.06;1.35;2.54;0.55;0.34;0.41;8.30;4.43;9.99;8.64;0.89;3
163918;3.81;5.15;3.57;0.50;6.04;0.73;3.31;4.36;1.71;2.10;1.32;2.54;0.55;0.34;0.41;8.30;4.27;10.13;8.55;0.96;3
163919;3.96;5.15;3.41;0.45;6.21;0.74;3.23;4.29;1.98;2.01;1.37;2.65;0.55;0.35;0.41;8.19;4.35;10.13;8.64;0.96;3
163920;3.87;5.15;3.82;0.43;6.04;0.74;3.29;4.42;1.58;2.10;1.32;2.54;0.55;0.35;0.41;8.61;4.35;10.13;8.64;1.04;3
163921;4.05;5.14;3.49;0.45;6.04;0.76;3.29;4.29;1.58;2.01;1.35;2.77;0.55;0.35;0.41;8.40;4.35;10.42;8.55;0.96;3
163922;3.90;5.15;3.57;0.43;6.04;0.74;3.23;4.42;1.52;2.06;1.35;2.44;0.55;0.34;0.40;8.19;4.35;10.13;8.55;0.96;3
163923;3.88;5.14;3.73;0.50;6.04;0.78;3.23;4.36;1.77;2.24;1.40;2.44;0.88;0.34;0.41;8.30;4.35;10.13;8.73;1.04;3
163924;3.94;5.15;3.49;0.50;6.21;0.77;3.26;4.36;1.58;2.01;1.35;2.65;0.55;0.35;0.41;8.30;4.35;9.99;8.55;0.89;3
163925;3.90;5.15;3.49;0.54;6.04;0.74;3.23;4.29;1.52;2.06;1.37;2.54;0.55;0.34;0.41;8.09;4.35;10.42;8.64;0.96;3
163925;3.92;5.15;3.41;0.41;6.04;0.74;3.23;4.29;1.52;2.24;1.35;3.12;0.84;0.34;0.41;8.40;4.35;10.13;8.64;0.96;3
163926;4.01;5.14;3.57;0.46;6.21;0.76;3.23;4.42;1.58;2.33;1.35;2.65;0.53;0.35;0.41;8.19;4.35;10.13;8.73;0.96;3
163927;3.92;5.14;3.57;0.45;6.04;0.74;3.26;4.48;1.52;2.06;1.35;2.65;0.55;0.34;0.41;8.30;4.35;9.99;8.64;0.96;3
163928;3.92;5.14;3.57;0.43;6.04;0.75;3.40;4.29;1.77;2.24;1.45;3.25;0.53;0.35;0.41;8.30;4.27;10.13;8.55;0.96;3
163929;4.17;5.14;3.49;0.52;6.21;0.75;3.23;4.36;1.52;2.06;1.37;2.65;0.64;0.34;0.41;8.19;4.51;10.13;8.73;0.89;3
163930;3.98;5.14;3.57;0.45;6.04;0.74;3.26;4.29;1.58;2.06;1.48;2.65;0.55;0.34;0.40;8.19;4.27;10.13;8.55;0.89;3
163931;3.96;5.15;3.73;0.48;6.21;0.74;3.23;4.23;1.64;2.06;1.32;2.54;0.55;0.34;0.41;8.30;4.35;10.27;8.64;1.04;3
163932;3.85;5.15;3.57;0.45;6.04;0.74;3.40;4.29;1.58;2.10;1.35;2.65;0.55;0.34;0.42;8.40;4.35;9.99;8.55;0.89;3
163933;3.92;5.14;3.57;0.43;6.04;0.75;3.26;4.36;1.46;2.06;1.35;2.65;0.58;0.34;0.41;8.19;4.35;9.99;8.73;0.96;3
163934;3.88;5.14;3.73;0.45;6.04;0.75;3.23;4.48;1.91;2.01;1.35;3.12;0.53;0.34;0.41;8.30;4.35;9.99;8.55;0.96;3
163935;3.87;5.14;3.57;0.43;6.38;0.74;3.23;4.29;1.58;2.06;1.35;2.65;0.55;0.35;0.41;8.30;4.27;9.99;8.73;0.89;3
163936;3.88;5.14;3.57;0.43;5.88;0.75;3.26;4.29;1.46;2.01;1.32;2.65;0.55;0.34;0.40;8.30;4.27;10.27;8.64;0.96;3
163937;3.92;5.14;3.49;0.43;5.88;0.78;3.26;4.29;1.52;2.01;1.45;2.65;0.55;0.35;0.41;8.09;4.59;10.13;8.55;0.96;3
163938;3.96;5.14;3.41;0.41;6.04;0.74;3.23;4.29;1.58;2.10;1.32;2.77;0.53;0.34;0.40;8.30;4.35;10.13;8.64;0.96;3
163939;4.00;5.14;3.57;0.43;6.04;0.74;3.20;4.29;1.58;2.06;1.35;2.65;0.53;0.34;0.41;8.19;4.35;10.27;8.55;0.89;3
163940;4.00;5.13;3.57;0.45;6.21;0.74;3.23;4.29;1.91;2.01;1.32;2.54;0.67;0.34;0.40;8.09;4.19;10.13;8.73;0.89;3
163941;3.87;5.13;3.65;0.43;5.88;0.76;3.20;4.42;1.52;2.01;1.32;2.54;0.53;0.35;0.40;8.19;4.35;10.27;8.64;0.89;3
163942;3.96;5.14;3.65;0.45;6.21;0.75;3.23;4.42;1.52;2.01;1.32;2.44;0.55;0.34;0.40;8.09;4.27;9.99;8.55;0.96;3
163943;3.92;5.13;3.49;0.43;6.04;0.76;3.31;4.23;1.52;2.01;1.48;2.65;0.58;0.34;0.40;7.99;4.27;10.13;8.55;0.89;3
163944;3.92;5.13;3.57;0.41;5.88;0.76;3.20;4.36;1.84;2.01;1.32;3.25;0.55;0.35;0.41;8.19;4.35;10.13;8.64;0.89;3
163945;3.92;5.13;3.65;0.45;6.21;0.76;3.18;4.29;1.52;2.10;1.35;2.65;0.67;0.35;0.40;8.19;4.27;10.27;8.64;1.04;3
163945;3.87;5.13;3.82;0.45;6.21;0.76;3.23;4.29;1.52;2.06;1.32;2.65;0.96;0.34;0.40;8.30;4.35;10.56;8.64;0.89;3
163946;3.90;5.13;3.49;0.43;5.88;0.73;3.20;4.36;1.52;1.97;1.32;4.07;0.53;0.35;0.40;8.09;4.35;9.99;8.55;0.89;3
163947;3.87;5.13;3.57;0.41;5.88;0.76;3.20;4.36;1.71;2.01;1.32;2.65;0.55;0.34;0.40;8.19;4.27;10.13;8.64;0.89;3
163948;3.94;5.13;4.17;0.43;6.04;0.76;3.23;4.29;1.52;2.06;1.32;2.65;0.55;0.34;0.40;8.09;4.35;10.13;8.55;0.89;3
163949;3.90;5.13;3.57;0.43;6.04;0.74;3.31;4.29;1.52;2.01;1.32;3.12;0.53;0.34;0.40;8.09;4.27;9.99;8.55;0.89;3
163950;4.11;5.13;3.65;0.43;5.88;0.76;3.23;4.36;1.91;2.01;1.32;2.54;0.55;0.34;0.40;8.30;4.43;10.13;8.55;0.89;3
163951;3.92;5.12;3.49;0.41;6.38;0.74;3.20;4.36;1.46;1.97;1.29;3.25;0.88;0.36;0.40;8.30;4.27;10.27;8.55;0.96;3
163952;4.15;5.13;3.49;0.45;6.04;0.74;3.29;4.42;1.71;2.01;1.32;2.65;0.84;0.34;0.40;8.40;4.35;10.13;8.55;0.96;3
163953;4.13;5.13;3.57;0.43;6.04;0.75;3.18;4.55;1.77;2.01;1.35;2.65;0.55;0.34;0.40;8.19;4.27;10.13;8.55;0.89;3
163954;3.85;5.13;3.82;0.41;6.04;0.76;3.18;4.36;1.52;1.97;1.32;2.54;0.58;0.34;0.41;8.19;4.35;9.99;8.55;0.89;3
163955;4.20;5.13;3.90;0.45;6.04;0.73;3.20;4.29;1.58;2.06;1.29;2.65;0.55;0.34;0.40;7.99;4.19;9.99;8.55;0.89;3
163956;3.96;5.12;3.57;0.43;6.04;0.75;3.23;4.36;1.52;2.01;1.32;2.54;0.64;0.34;0.40;8.40;4.35;10.13;8.55;0.89;3
163957;4.00;5.12;3.49;0.45;6.04;0.74;3.15;4.29;1.52;2.24;1.32;3.65;0.58;0.34;0.40;8.19;4.19;10.13;8.64;0.82;3
163958;3.88;5.12;3.57;0.41;6.04;0.73;3.31;4.48;1.46;2.01;1.29;2.65;0.55;0.34;0.40;8.09;4.27;10.13;8.55;0.89;3
163959;4.05;5.11;3.49;0.41;6.04;0.76;3.18;4.23;1.52;1.93;1.29;2.65;0.53;0.34;0.40;8.09;4.27;10.13;8.64;0.82;3
164000;4.11;5.12;3.57;0.41;6.73;0.73;3.15;4.29;1.52;2.24;1.32;2.54;0.55;0.34;0.40;8.09;4.43;10.13;8.55;0.89;3
164001;3.96;5.11;3.57;0.40;6.04;0.77;3.15;4.36;1.52;2.01;1.35;2.54;0.55;0.34;0.40;8.61;4.43;9.99;8.64;0.89;3
164002;3.90;5.11;3.65;0.43;5.88;0.74;3.18;4.29;1.52;1.97;1.32;2.54;0.53;0.34;0.40;7.99;4.35;10.13;8.55;0.82;3
164003;3.90;5.11;3.49;0.41;5.88;0.74;3.26;4.29;1.52;2.01;1.32;2.65;0.55;0.35;0.40;8.09;4.27;9.99;8.64;0.89;3
164004;3.85;5.11;3.57;0.41;6.04;0.71;3.18;4.36;1.40;2.01;1.29;2.65;0.55;0.34;0.41;8.19;4.27;9.99;8.64;0.89;3
164004;3.85;5.11;3.65;0.43;6.04;0.74;3.15;4.29;1.52;1.97;1.32;3.51;0.53;0.34;0.40;8.09;4.35;10.56;8.64;0.89;3
164005;3.87;5.11;3.65;0.45;6.04;0.75;3.15;4.29;1.46;2.24;1.32;3.93;0.64;0.34;0.40;7.99;4.35;10.13;8.64;0.96;3
164006;3.90;5.11;3.57;0.41;6.04;0.71;3.12;4.23;1.46;2.19;1.29;3.25;0.55;0.34;0.40;8.30;4.27;9.99;8.55;0.89;3
164007;3.90;5.11;3.73;0.41;6.04;0.73;3.15;4.42;1.58;1.97;1.32;2.65;0.58;0.34;0.40;8.09;4.35;9.99;8.55;0.82;3
164008;3.88;5.11;3.57;0.43;5.88;0.71;3.18;4.36;1.46;2.01;1.29;2.65;0.50;0.34;0.40;8.09;4.35;9.99;8.55;0.96;3
164009;3.98;5.11;3.99;0.45;6.56;0.74;3.15;4.23;1.52;2.01;1.32;2.88;0.55;0.34;0.40;8.09;4.27;10.13;8.64;0.89;3
164010;3.85;5.10;3.49;0.41;6.04;0.75;3.23;4.29;1.52;1.97;1.45;2.54;0.58;0.34;0.40;7.99;4.27;9.99;8.64;0.89;3
164011;3.85;5.11;3.65;0.46;5.88;0.73;3.15;4.36;1.52;2.01;1.29;2.88;0.55;0.34;0.40;8.09;4.19;9.99;8.55;0.89;3
164012;3.85;5.11;3.57;0.46;5.72;0.73;3.29;4.29;1.52;2.01;1.32;2.54;0.55;0.34;0.40;8.09;4.59;10.13;8.55;0.89;3
164013;4.07;5.10;3.65;0.43;6.38;0.73;3.18;4.36;1.46;1.97;1.32;2.88;0.53;0.34;0.40;8.09;4.27;9.85;8.55;0.82;3
164014;3.81;5.10;3.57;0.41;6.04;0.75;3.15;4.29;1.52;1.93;1.27;2.65;0.53;0.34;0.40;8.19;4.43;10.13;8.55;0.89;3
164015;3.92;5.11;3.57;0.52;6.04;0.75;3.12;4.29;1.46;1.93;1.29;2.65;0.53;0.34;0.40;8.09;4.35;10.27;8.64;0.82;3
164016;3.98;5.10;3.57;0.41;5.88;0.74;3.15;4.29;1.40;2.01;1.40;2.88;0.55;0.34;0.40;8.09;4.27;10.13;8.47;0.89;3
164017;3.87;5.11;3.49;0.46;5.88;0.71;3.12;4.29;1.84;1.97;1.29;2.65;0.55;0.34;0.40;7.99;4.27;10.27;8.64;0.89;3
164018;3.83;5.10;3.57;0.41;5.88;0.73;3.15;4.29;1.52;2.01;1.29;2.65;0.55;0.33;0.40;8.09;4.59;9.99;8.55;0.82;3
164019;3.85;5.11;3.49;0.43;6.04;0.71;3.12;4.29;1.64;1.93;1.29;2.65;0.55;0.34;0.40;8.19;4.35;9.85;8.55;0.82;3
